95.8663098168934,4.786526838440469
96.601002519903,4.052626853981894
95.66638450725993,5.459168080714745
96.47881818557953,4.754568480782992
97.19873304064711,3.9262930593717567
97.80821616464553,2.987427419824682
97.08077878197062,4.657531788238144
97.77791046069751,3.7383702268426875
98.35195408150393,2.7135241880515366
97.66973091655447,4.499594739036054
98.86024003637067,-1.528997988124738
98.33652772312838,3.493019140190014
98.86826293658659,2.3864957449288373
98.24311808695934,4.284304672418947
99.25117860273924,1.1989197258519015
98.87245675179882,3.19387767218212
99.35543814437457,2.010045939927293
99.67943180503093,0.7531776006763719
99.38353191818733,2.8442440301915237
99.8117228366501,1.5875922412130627
100.07147617029133,0.2665931022511264
99.8676038204506,2.4471959716663356
100.23536297084486,1.1223620257696334
100.42594248739577,-0.25749577260153866
100.32257474172691,2.00567024578545
81.71631750779929,6.739207825736412
100.62464356089139,0.6174574139821023
100.74148771549169,-0.8158623456797248
81.021074003859,6.148110142270818
100.74642222795828,1.5225164135547453
81.81362134823218,7.379468813877901
100.97791263130536,0.07589961632427444
101.0168191168405,-1.4053549234506724
81.07621171468529,6.799085638983429
101.13721463692298,1.0005336792917867
101.29359694424886,-0.4993404160405909
80.38377082557913,6.144350911547062
101.21602412288767,1.9509166979153245
101.25071039949017,-2.0228713914209506
100.62128382961824,4.344890999890296
81.18168366796625,7.453496357207694
101.49312108794051,0.4424962020611729
101.57021210766135,-1.1053206849929762
80.44482971714275,6.810497735527948
101.61182625998214,1.4131180963401662
101.44201251095329,-2.6653413302564846
101.12140189595422,3.899021141872205
81.33724791001784,8.108060159745456
101.81241742953083,-0.14882953679521432
101.8063688245999,-1.7391133159181749
100.94397048518738,4.881206881929269
80.55530074599324,7.480441618288033
101.97356530506819,0.8396500052074096
99.7235058862788,7.164648910226484
101.59517987050656,3.4110572229302307
102.09348936161712,-0.7706729090644596
100.67807588243444,5.8581546781042375
99.2499409929737,8.066368859767506
102.0007765259166,-2.3977942729973765
101.4553760268751,4.422912664359616
80.71514947300597,8.150952998884895
102.29941507156104,0.2331126551274625
100.32317619902878,6.821707190842045
102.04026403251254,2.883162667437873
98.69045616357415,8.9353728770159
102.3348335538726,-1.420251211607242
101.22587189810554,5.432712125981858
79.9351448344408,7.4630041525673985
102.42070546218925,1.2650300244403268
99.87936152869837,7.763632785904497
102.15224529966528,-3.078436296309496
101.9409205969647,3.92281231671764
80.92425364662105,8.818833811797523
102.58767059903904,-0.40386523704753285
100.90585287871463,6.4322793937860085
102.45443707675588,2.3175615527035553
99.34739097911294,8.675675855525167
102.53505741350297,-2.0947644887417525
101.7507479638932,4.963763897061165
80.0966603548554,8.150473124489464
102.75564276857796,0.6442199574102601
102.39820547269761,3.382925383913977
98.72873439222286,9.549611907234466
102.83674655866152,-1.0686231695820234
101.46866661266745,5.997829120712246
99.9940971226636,8.367558501851033
102.69287802986668,-2.791392299977893
102.25013283979884,4.453114456139173
80.3070820445345,8.835767038715883
103.05346012053913,-0.007083561016700126
102.82497093296585,2.8053506666644568
103.0451748858169,-1.7584671904797817
102.00888294225875,5.5199353555132715
102.80712073450168,-3.507291867245927
102.72159519814683,3.9026644685641183
98.72648420305408,10.162223415151898
103.31251158922923,-0.6863238926613834
101.6736845055627,6.575048167225782
103.21909480371608,2.192264557029174
103.21160199612578,-2.470669357447866
102.52390527987997,5.000289945269136
103.49133392560006,0.4176906348173442
102.87671764855716,-4.2395972073040324
103.16284343376239,3.3144078838479065
103.53127184986822,-1.3908983460994886
102.23086024704057,6.0898687106262255
103.57858990158554,1.5459183250642095
103.33478590671767,-3.2024679631395023
103.01127648402952,4.440693709459761
103.57172419495477,2.6904280440434745
103.70833236268568,-2.118159564510962
102.7630931180144,5.562753662374412
103.41359355503884,-3.9510682761079154
103.9462197628374,2.0328931793001646
103.84239757492331,-2.8654172626199377
103.2679032959098,4.995418662176099
103.4469985797571,-4.713643632793271
104.18289443097174,-1.7356028044553256
103.93228140184999,-3.6299401519427485
99.34133395154387,11.118143551624929
104.43137784266737,-0.5691184031342288
104.329611075362,-2.4977892912392172
78.72465802438761,9.386504070677821
103.97690422901282,-4.408957954019294
77.87392437883814,8.512033543508512
104.43228446667847,-3.27776922306175
79.02374209777074,10.117355367605242
103.97529065974952,-5.199663449978064
104.79604255882779,-2.1011267813147785
78.11728889911771,9.269555789992674
104.48979016629299,-4.072823214563411
79.37172918569155,10.838421686649127
77.2804714848125,8.339871783927679
104.91308608826651,-2.896017898037745
78.40977482514542,10.020976689009059
104.50110636542362,-4.880189647781251
77.51530458587014,9.117457536435547
104.98501886034008,-3.7066191101351733
99.88705076653802,12.027917681046636
78.7514565163727,10.763265996604412
104.46531197502337,-5.697067133517966
105.3741611211249,-2.4860736610305767
77.79949162603243,9.889623034588022
105.0107789839306,-4.53021048241118
79.14227010651803,11.493390963088627
76.91993764848057,8.931185478936118
105.4619572080167,-3.31166051340271
99.74451112259415,12.632976061316162
78.1331902081225,10.653353563015253
104.98940282310868,-5.364028191480484
79.58200370439522,12.208321352688861
105.8149842686608,-2.04926372179949
77.1941994680644,9.724155509162252
105.50357559512435,-4.150966075367164
78.51642351512562,11.405625736874207
80.07028657287165,12.90503540645679
99.56800111074682,13.233444512889731
77.5183017666737,10.50943161819631
105.49801523836122,-5.00126128721512
78.9490706131841,12.14341234753131
76.59516900674454,9.525407160928193
77.89235019996275,11.284000260405552
79.4308555664952,12.863688098092222
99.35801630030033,13.828147092289056
76.90812547647455,10.332229436586402
78.31631102111554,12.04483815453888
79.96133556862127,13.563436336357217
100.18852784732434,13.50635956362681
77.2714401513546,11.129140377188254
78.7900001793857,12.788917730832319
99.11502563677443,14.415912371521168
76.30395606347747,10.122467002474577
101.0062557034989,13.133651670334554
77.68516283860002,11.913121593451386
104.79945915865758,8.599300982822102
105.86810558192813,-6.366752642993353
79.3130712588616,13.513213537303846
99.9695848521801,14.106183306627297
76.6550444818965,10.941670725987516
101.80797490233955,12.710684620488147
78.14919847183594,12.681144587081327
98.83948224715112,14.995573676894553
103.43617791107894,11.078468974914074
79.8850025056279,14.214709718064137
100.81203507283952,13.744756327978253
77.05702695722273,11.748791681383311
104.82828534680367,9.239370135680385
102.59057332146467,12.238309202455476
78.66329493387072,13.430176776284476
99.71816785853457,14.699465673079635
76.04447330910646,10.722220464371855
101.63908980119454,13.332235583456008
77.50989440910077,12.540801863305537
106.26234799527627,-6.884327401835368
103.35106588269967,11.717556925028964
79.22702977520765,14.157188567161954
100.58549543890076,14.350856296961258
76.43326502203317,11.552388628337933
102.44757316560222,12.869419578835178
78.01348673363219,13.314663329189173
99.43463699999529,15.28502439372608
104.08660586478263,11.149630235995767
79.83979612212762,14.85916158487475
101.43811188532145,13.950290718088201
76.87349546259053,12.368340070310147
105.47742437154542,9.223023879291672
106.77773465967817,-6.4887755267417075
103.23443554580412,12.357292376741448
78.56747931108264,14.067334812621034
107.78201060816059,-2.780120283180904
100.32691515793294,14.950754832257356
75.81519728287968,11.324467540645516
104.79449322984742,10.535892067936727
102.27277206731682,13.498513395738675
77.36509398331651,13.167033338987483
106.62854374428723,-7.411881091626649
99.11935456599795,15.861683071181936
103.99676621543179,11.797013768627323
79.17136848883685,14.795779479947285
101.2052429648901,14.563644419719381
76.24137020543763,12.164230277325277
105.47217996870948,9.877854962862544
107.27793669760429,-6.065991096251058
103.08635598379789,12.996459388765318
77.90783196635847,13.945417672386512
100.03657441832334,15.54326114351115
104.7318028683652,11.189908676143267
79.82445638336095,15.496973943050266
102.06630068999372,14.124381204530527
76.71952850654871,12.987672703000923
81.96314446504,16.785041014166943
107.14881428963469,-7.007072548873676
98.7726921589033,16.42827136031268
103.8758828527487,12.445244521813656
78.50130799693093,14.700440229316312
100.94068624465541,15.17109701062061
75.61484600169578,11.928966402036618
105.4369380061055,10.53745604466147
80.52583542483835,16.167918616312836
102.90689215830916,13.633849106054072
77.24953733373722,13.791736823033611
99.71476174518203,16.127190147244363
104.63852195988466,11.84615467197774
79.1449321167381,15.429054569640677
101.82829062340822,14.745819384655245
76.07816396458006,12.776995089870287
106.10972226664641,9.841277487356248
81.27437314866607,16.805649474097578
107.65410977912919,-6.575325390724244
103.72396041340839,13.09311812080064
77.83109604404636,14.573356360792404
100.64465215944973,15.771454133444488
105.37160021064079,11.200634449519159
79.83790955381625,16.128230491432845
102.69610953365228,14.26825835947852
76.59401073008135,13.606624227122746
82.06869781317256,17.407251224853482
99.36178015768323,16.701362470096218
108.78956564466536,2.890565783922978
104.51460002160393,12.503433528708497
78.46372203990775,15.329464652762603
101.5588795407337,15.36162924235867
75.44233331630225,12.535443224410553
109.06982143636745,0.3907049338939607
106.0726064418465,10.510275544194286
80.57922441161956,16.7949653046477
97.98680010338362,17.526588346868547
103.54100372267628,13.73943570933985
77.16218443717382,14.41477676204534
82.90718548701417,17.96987186963406
100.3173639727259,16.363526404994523
105.27606592384718,11.866204383424117
79.1467338151938,16.05700390260254
102.45407855334936,14.898488529420746
75.94263024249332,13.390445278338891
109.25733899086417,-0.5776785299923126
81.36762388297143,17.426296582868716
108.00553096184161,-7.0955122687136445
98.97795305931812,17.264604704473367
104.35998660916026,13.160554055142628
77.78230869038994,15.198368765784211
83.78794929740725,18.490738557748703
101.2582162112376,15.970616369317675
109.358767372531,1.0008526961400046
106.00577886175087,11.182991572062202
79.8792336662869,16.752935895902542
103.32702159644015,14.383002633300766
76.49599203506266,14.224987757166017
82.20160363087462,18.01931638901516
99.95906320998353,16.946129328243455
105.15023458251086,12.532985192380952
78.45381506789467,15.954318047271792
102.18087904907269,15.523344660882513
75.29673392581407,13.143599361816241
109.57230316201034,0.023492924437393117
106.70132751270958,10.455495721644661
80.66009061309713,17.41425424278619
108.50123658415401,-6.629605140819989
98.5636299133218,17.815749919450024
104.17463445783599,13.816328950183019
77.10214671607662,15.035972516041134
83.0793950399765,18.571186916590452
100.92646543448632,16.571590256171124
109.62437338774285,1.6282593342554854
105.90909368873679,11.858257880377769
79.17592499813325,16.679554240300703
103.08203063770766,15.022627361421561
75.83390148627915,14.004313625799524
81.48792416197773,18.037998172743645
108.33302350164129,-7.625922490377598
99.57001497569222,17.51808346294871
104.99400821964561,13.199799834814876
77.76063807154272,15.820296307373813
83.998955082244,19.07915742645883
101.87660464268234,16.14163482316397
109.86467324087454,0.6428735319124848
106.63408281297589,11.138045386005414
79.94763152263998,17.371030455277694
98.11919173315071,18.35363842995557
103.95850266665511,14.469573576183706
76.42465917479252,14.842523085942654
82.36108961715269,18.62126785319088
100.56381294187733,17.16336415974466
105.782407363631,12.534910141260703
78.47080685373234,16.574860179118197
84.95795955173416,19.540582292700496
102.80605908330048,15.657120635370555
75.17725614877881,13.753116636035763
110.05599944547937,-0.3619827980619651
80.76768155781294,18.025736548185478
108.8358578665654,-7.152568334597019
99.15051318238662,18.07821485703536
104.80729404491657,13.865473551694752
77.06866138772553,15.65510687179983
83.27766570488062,19.161241142920925
101.54136718471976,16.752169712081205
110.133967441077,1.2794619802781748
106.53727415506845,11.82330441328833
79.23177154168357,17.2965804603295
85.95380039770706,19.952939901767387
103.7115599771691,15.119104942298032
75.75123395977792,14.618309299406572
110.19728083056785,-1.3837193080535835
81.63455935590981,18.64071400932048
100.17047029367689,17.74475522581564
105.62558059897583,13.211785997632449
77.76536760340447,16.438941160769794
84.2354453051374,19.655191623981093
102.49915074278735,16.28529484590463
110.35270987624027,0.26634449947513567
107.25622949861022,11.066764020711185
80.04240924508726,17.982401414143844
98.70088570280414,18.62535574214851
104.5900071529232,14.528832724597583
76.37931334111559,15.458962894884378
110.28751068428437,-2.4196944926058492
82.54647193972951,19.213072415860477
101.17530125842161,17.35376249582959
106.41072082722937,12.510124940041306
78.51402231407819,17.19090942953044
85.23193008075891,20.100507683245095
103.43378818757054,15.763740893854093
75.08322043460842,14.363661268027244
110.52133781435809,-0.7648777166491646
80.90133743615999,18.629309592492735
109.1480543092183,-7.6857616699120515
99.74667978500571,18.31458487078656
105.4384805230746,13.887723835939378
77.06107108670494,16.271932546072538
83.50133733472693,19.740007324396956
102.16136905947049,16.905963635858175
110.62656620971138,0.9118551363081525
107.16025787895896,11.762246421481397
79.31363473934367,17.907914407647844
98.22149944104856,19.15834549667394
86.26432974772172,20.494712341866073
104.34207339803012,15.188703917677978
75.69398813259056,15.232122234913902
110.63883447081483,-1.8115764580814582
81.80689728264149,19.234349870369094
100.77856876521248,17.945228908187545
106.25424739410283,13.197359542683392
77.79587739599654,17.054072968210818
84.49677644070995,20.218819406113212
103.12518573221416,16.402299508449833
110.8232268348728,-0.1279038626626078
107.87191803370521,10.97003534196695
80.16295897991634,18.586891798786862
109.64246298269995,-7.18066437071742
99.29271935996671,18.871679426996764
105.2209830119431,14.561561718938782
76.35935224057751,16.074017494539106
110.70424055709874,-2.8710744976829448
82.75713942368914,19.794643071019962
101.79280131169557,17.517941734083742
107.03476574579228,12.459468797032521
78.58287458503251,17.802249646967834
85.53010936213262,20.646934549995706
104.06343246653246,15.843913103452849
75.01404218617002,14.974886815468789
110.96868104678202,-1.1844014063637835
81.06047537204293,19.224825781625366
100.35136359503794,18.525387594819456
106.06768549180332,13.883860097910746
77.07880745606224,16.886177201705003
83.74981307177319,20.307405019601532
102.78577144770877,17.033598702488828
111.10244754402676,0.5262536755166821
107.77768373629331,11.675914560085877
79.42095583983296,18.513351832994648
98.8089075207342,19.4148710564692
86.59835694394984,21.021924582608122
104.97297524006932,15.232136477923373
75.66161290147441,15.845426466178342
111.06196089480731,-2.254972872101451
82.00437389096929,19.818766239338945
101.3935629627806,18.120045026360838
106.87954589900845,13.157298717129521
77.8516292048206,17.665434065016925
84.78235932450632,20.769966782411416
103.75404116945818,16.493285075901227
74.3407908003055,14.6876016516057
111.27651944710846,-0.5390927989950345
80.30874474953377,19.18430739935949
109.94148590957202,-7.717280026908919
99.8939163738923,19.093060719101768
105.85087585384998,14.568476777953778
76.36425557562698,16.687378471075196
82.9925405136001,20.36584759236429
102.41558853801477,17.656456054572118
111.35852218787518,1.1966450400111532
107.65412660724333,12.383716908758698
78.67685119571878,18.408635530229255
85.8519095250632,21.179795767180583
104.69435847445823,15.898282967907225
74.96921786235258,15.586436373516086
111.39833821920446,-1.6198101480601252
81.24457646024382,19.81209954847486
100.963802157345,18.711090871221696
88.82623362857927,21.60367150073358
106.6943984136654,13.854601718880117
77.12137776251149,17.4975473494934
84.0225474785995,20.86330902819658
103.41387697173465,17.135643057666876
111.56184435054068,0.12342313026136265
108.38918429790601,11.56507973724174
79.55324332045039,19.11265789053137
110.42749802993795,-7.181845107982135
99.40649926930753,19.647074834526343
86.95528940943981,21.53451728056448
105.60367059369626,15.250057183326831
75.65363274038637,16.45788266590702
111.46697924368465,-2.713198682087949
82.22648137435985,20.393785283423473
102.01470874180035,18.26968885463964
111.59099328793063,1.882318957900412
107.50101145390643,13.092324886833122
77.93215406626678,18.27274358604743
85.09164836364515,21.308515835880154
104.38505113112902,16.55883349186023
74.2834912551606,15.297369419686639
111.71283811273995,-0.9664884061771957
80.47929071897124,19.774422348500924
100.50370435228457,19.28989866928744
106.47913240947227,14.550240352046433
76.39357313899399,17.298721509447475
83.25217237309859,20.926515477245193
103.04294176662137,17.769808510179047
111.82417365305102,0.8022174684130078
108.2683860284754,12.283591199178762
78.79550262228906,19.009796898398143
110.8956476324202,-6.623058754814023
86.19677882655489,21.698981466812654
105.32593576528608,15.927445618712259
74.94831360489567,16.197944223597986
111.81057349081644,-2.0704008641530045
81.45317493550797,20.39091298642094
101.58323669757617,18.8721143884849
111.79942134353485,2.5823225698585137
89.24938294779241,22.070057302038645
107.31811021136164,13.800617744135645
77.18835384100426,18.105731406069697
84.31903655095115,21.407556285463787
104.04499210714407,17.212617403030364
112.0049524033184,-0.29591383279110206
92.3395561977625,22.027819256270355
108.9943901933822,11.430462825479573
79.71006227100708,19.705571538721884
110.71515597657988,-7.722383954328678
100.01349705989604,19.85529069547682
87.33456372426566,22.03238986290705
106.2335681043936,15.243073342003814
75.66963711246161,17.069140090426178
111.85416377386107,-3.1855806985387307
82.47275816735613,20.959196521374466
102.64126589715669,18.394601157288083
112.06304603888368,1.496358668931822
90.43234840734549,22.247106455672874
108.11818108969531,13.003112130042341
78.03704200790688,18.875700719654315
85.42413240799834,21.83431155556087
105.01755421786712,16.599482521076116
74.24963260155441,15.907864826835885
112.1323957072502,-1.4093959234123798
80.67417133354637,20.356983627216728
101.12131449186457,19.462550469123908
88.50133112616092,22.306617523476163
107.10520348991533,14.507470565803661
76.44691493299756,17.90770859025435
83.53557164957613,21.47644363262487
103.67414439555102,17.85846089625391
112.27419664572754,0.39100354768460954
108.87712838137853,12.159769016330152
78.93843268911549,19.60544210966902
111.19272167902521,-7.157860997112211
86.56419334181156,22.2043457978747
105.9575391721485,15.931954877755699
74.95095582679379,16.809037064427248
112.20561312802347,-2.535506093537053
81.68584900080195,20.96102043970617
102.20891241781645,19.008839235026525
112.27801857571451,2.2049125382272092
89.69313348481099,22.51975473105996
107.93831629931255,13.72253546584545
77.27936285043499,18.710402106751456
84.63880920705346,21.93995155293232
104.67842875768898,17.265004050244308
112.43193657529321,-0.7310720617113513
92.84903315730165,22.4120986606642
79.89102542115383,20.29180909905057
100.62912636814578,20.039816225627153
87.73563810932198,22.51540720142172
106.86208242731999,15.211753455287516
75.70927164543504,17.678838070450162
82.742780415623,21.514761482310348
103.27249898418975,18.495187000971136
112.52010760168295,1.0933500707312525
90.90577592299525,22.670125328577118
108.73059656404156,12.890295034008085
78.16593337699105,19.473987307181396
85.77932693511451,22.34716751964283
105.6508954188421,16.61573403602971
74.23887562096296,16.51869542316403
112.53537350976448,-1.8671549867779196
80.89300291899018,20.931714743965703
101.74598158272416,19.611339979965553
112.46866435862931,2.926942155642387
88.93458869274343,22.765450112530957
107.72854653244812,14.4407489085531
76.52394287196088,18.5139897068061
83.84230655060864,22.01540108886045
104.30848562337627,17.922841855020174
112.70871094685945,-0.03632227638502722
92.13485126041918,22.756304441486932
79.1052904148378,20.195260824168862
111.47057421259626,-7.702716867615728
86.95364982844893,22.695712589607645
106.58855086352082,15.912330826584851
74.97682333831413,17.41933492471408
112.58365114711175,-3.014489789338408
81.94221295920389,21.522152287604584
102.84007903192652,19.12161579030115
112.74224074422446,1.8102085528042227
90.15689570589912,22.952656350150573
108.55451915178203,13.620947420616261
77.39407944871016,19.311218421784787
84.98141994872907,22.46027217518991
105.31350579128123,17.293254353237245
73.53469928130289,16.198445505621198
112.84293582553576,-1.1813994598243471
80.09578545800298,20.871067163848824
101.25261553713067,20.200920369729978
88.15798596524343,22.983405242612132
107.48863639055853,15.156634120939596
75.77223069214092,18.28660715320024
83.03615460992931,22.060217582070756
103.9076782760919,18.57182302948734
112.96225524564701,0.6739559683829549
91.39817113753291,23.07545471620888
78.31851144042851,20.067269936829636
111.93958821246017,-7.110229772616624
86.15676728680923,22.846870683454902
106.28442785430354,16.608060816678705
74.2509299705902,17.129464894852607
112.92192596359787,-2.3391356515813264
81.13543643480827,21.49831877308486
102.37694430962232,19.73656482041893
112.94016781049335,2.5406583287028934
89.38824857287673,23.208284138019472
108.34862780026714,14.350626523402687
76.62436373060741,19.11720421194646
84.1719699638552,22.54313295728713
104.94526172441508,17.96335355985672
113.12781556215509,-0.47911717731088205
92.65382786199353,23.13253807608696
79.29576299666479,20.778926258373406
111.72944744913386,-8.257080970494487
100.72900317955992,20.77639812893924
87.36465954130043,23.17288015797238
107.21836220720864,15.869066015105515
75.02564068618264,18.028451831415012
82.22191037783777,22.07401810174292
103.47599150020325,19.210770274690148
113.19212489204433,1.3988609779600238
90.64008596094087,23.36862935545367
109.16623048344681,13.496417115119195
77.53221908714917,19.907827088025865
85.34644246306215,22.968272107971533
105.94955053624437,17.297794832200637
73.53290808212293,16.809542636720497
113.23806719866833,-1.6462732395348756
80.32402836333611,21.443024998308292
101.88319588308157,20.3388498162185
113.11347442539414,3.283775201952973
88.60109027627956,23.436195817701577
108.11266290831486,15.078225694074158
75.85825098619513,18.89206997577378
83.35251114843511,22.595281389963244
104.54608083027374,18.624863493335656
113.3895501198597,0.23880905509311667
91.90891893073929,23.462981449253856
78.49449598916841,20.655201644687182
112.20899412868198,-7.659712316802461
86.5560027599518,23.333185466528075
106.91751440738621,16.57691214690455
74.28554823008581,17.739773343547775
113.29218450738767,-2.8247350309436325
81.40115114257348,22.05648089421312
103.01344580235214,19.838502282508355
113.39789177445607,2.137486966589246
89.86176224532223,23.634947438525828
108.96492428650522,14.23762936425382
76.74792307880526,19.71698187811883
84.52417341596778,23.059363796947384
105.58377735158662,17.980377246025146
113.53159206479634,-0.9367664359040451
93.18998487774526,23.49015768113679
79.50956969675877,21.35609704413463
101.35898100808741,20.927285617774842
87.79674282876348,23.635625438116172
107.84637546311824,15.802630566810086
75.097172456176,18.635996290335186
82.52460807646128,22.616309314716748
104.11591092619906,19.276610205921358
113.62769616525863,0.9714916273003098
91.14212211749566,23.767520337641177
77.693532192222,20.499863841972818
85.73346398841394,23.463685375053004
106.58590023387956,17.279032231249445
73.55328540176576,17.42087170095066
113.61742903393441,-2.125096750275619
80.57546756149692,22.00734654843519
102.5201020888802,20.45383435895608
113.57914178919711,2.8889240977552793
89.06443873529258,23.873570804168626
108.73360667370949,14.977016938655591
75.96710616713594,19.49484193025398
83.69149864533644,23.119651418795357
105.18699163809981,18.65464526024971
113.80204002967425,-0.21148480928522015
92.43740272338424,23.832573767943888
78.69363774074573,21.237423310484996
112.46013264972231,-8.218631143252242
86.9765913997605,23.80585728797149
107.54952924974872,16.522718428936184
74.34252079606155,18.34921744239502
113.64626066086936,-3.3233744329063875
81.68984900543818,22.605870542508548
103.65473439187204,19.917414286283275
113.84182702782792,1.718038353588177
90.35458209469819,24.045249558996716
76.8944000005111,20.312943735055622
84.89854171378691,23.56380051833084
106.22334685096426,17.97427779496103
113.92010726498722,-1.4086804617567756
79.74645644618998,21.926418779470673
101.99606659379971,21.055579303470576
113.73547246955624,3.6522584253822705
88.24942438125866,24.083707583813617
108.47200531862296,15.713476381467107
75.19121834308395,19.24157162186977
82.84999077912661,23.148701506727924
104.75910558304066,19.319428954134942
114.04897010209167,0.5286968114084057
91.66241982251059,24.14915943886289
77.87779905314633,21.086954420653093
86.14208030972972,23.946229076015452
73.59564548361887,18.03201957919196
113.98110353765627,-2.617296772823307
80.84983871542121,22.563682141977644
103.16257283890967,20.54609141286332
114.03153016186151,2.4775525927766346
89.5475194808315,24.295305771445786
76.09860199901225,20.09453166820778
84.05277884668138,23.63301054206681
114.19976163883405,-0.6763438140279876
92.98300134115733,24.184085438317968
78.91571337731341,21.81356481567688
87.41809538051768,24.264615666206165
74.42167145429295,18.957390498005832
82.0012496755639,23.146143255340704
104.30006453413179,19.97355153656371
114.27195815787877,1.282898645348614
90.86615767017456,24.438985420929093
77.06360243712217,20.904702734819235
113.38292000255423,-6.949196882996673
85.29470814633765,24.056134923712754
114.29341533499607,-1.894292248905315
80.00619102293292,22.48952534002924
102.63949206723268,21.161453157996583
114.19640469432561,3.249133259301437
88.7222290346976,24.516871143628748
75.30760883381149,19.844776185634327
83.19775630402665,23.67085639418916
105.40485203807765,19.339509547451975
114.45595443076144,0.07104992918665345
92.20038931320799,24.51336402186077
78.0848252724421,21.668715382705994
113.17597489237376,-8.158344514772965
86.57189127995173,24.41560604033781
73.65983430452113,18.64257139393557
114.32915883993536,-3.122321193584809
81.14689504256235,23.111669950480046
103.80985165428297,20.615829822542427
114.4705943277973,2.0502361511202434
90.04981736262135,24.701163213889707
76.25257214198581,20.690741481136445
84.43602204436559,24.1350281195461
114.58274220503878,-1.1552078167755018
93.545086400213,24.517359391306538
79.1605210912453,22.383246017539115
102.08560727288474,21.76230806140358
114.33605907772576,4.031874727018497
87.8800768856834,24.709176973757067
74.52285349473519,19.56388244141499
82.33508595769634,23.676942283224093
104.9486978667994,20.007157011327802
114.68826501103693,0.8326322697777278
91.39593245228036,24.815938588428736
77.25536302945623,21.491864284227336
85.71231015548352,24.53604596277612
114.6515594914146,-2.393055186556142
80.288558689416,23.04504000523084
103.28849289772805,21.245074954349448
114.64448046772019,2.8298201008396866
89.21467805395888,24.934848899450202
75.44620138046497,20.44520352040145
83.56761119400798,24.182423586629955
114.84865046672661,-0.4008963147966908
92.75543271692433,24.859941941405893
78.31443766502123,22.244754790797217
87.02249678777815,24.87150720279858
73.74572609063581,19.252110306097066
114.66165063134835,-3.639636990756505
81.46640305100482,23.650937267226062
104.46118789066897,20.663253074718682
114.89628716111359,1.607529730727348
90.57081067357446,25.090895451643938
76.42887436525564,21.283067586393994
84.84090290471624,24.625361895822234
114.95100093475139,-1.6475362929430586
94.12302016238759,24.832230968566712
79.42787653668225,22.946077582163607
102.73606227586123,21.860093387729705
114.79322772994037,3.620756540373519
88.36209442098342,25.139246918462383
74.64594626051164,20.16827976573094
82.69109966042318,24.19790001872909
105.59990436731238,20.018468884960186
115.09072379711003,0.3677839826073616
91.94334107375526,25.175884205535652
77.46953535653573,22.074026675934505
113.87774157720206,-8.077294148848965
86.15098540327716,25.00320176553636
72.9775691851194,18.909772201254395
114.9945733156878,-2.904441161925599
80.59335819944053,23.59257644271187
103.94230883643318,21.306609239305104
115.07962646837997,2.3948639882004867
89.72628584053066,25.337364434735903
75.6068769646099,21.042442420666408
83.95926671223584,24.683042164942982
115.22705418177469,-0.886607999669686
93.32694179413264,25.188694488292544
78.56648051541444,22.81467278916321
114.91645425333492,4.42214663753166
87.49349311266121,25.31361375974781
73.8532202183255,19.86021728403181
81.80813861582496,24.181101644529384
105.11583786544557,20.688562002554924
115.30856047712176,1.1499696797225962
91.10996830039785,25.464247262472437
76.62738711102853,21.871100342177627
85.2670966470388,25.103659723284398
115.30455002600699,-2.1528065578249507
94.71615381922564,25.12853084045471
79.71760910502017,23.501661710601017
103.39209389679995,21.936030700133326
115.23789781815712,3.1937518831086855
88.863699509647,25.55452280733598
74.79085204384643,20.77016542562942
83.06903776724218,24.708639287074508
115.47930790989005,-0.11111936149109933
92.50780695499923,25.518591663682592
77.70599048968832,22.650781443961893
86.61036818207195,25.457261502152427
73.06938902688512,19.521317111452596
115.32248177807274,-3.4279389036325
80.9203981028508,24.131739586406134
104.60018501358208,21.346219849396228
115.5017707121613,1.9447924455921988
90.25655702276325,25.724134485398213
75.78953697177418,21.63607696662925
84.37243514368483,25.172342123383054
115.59115700342963,-1.3855683307898523
93.91429608849296,25.499419060731945
78.84081211916379,23.37806210312261
102.81062833066866,22.550317517119478
115.37072300042338,4.003305314648252
87.98446962140875,25.74159915329944
73.98223842249227,20.46647085422174
82.17188333334951,24.701771925931496
105.7730660822389,20.69195705386961
115.70736563780184,0.6780753696644141
91.66674725777735,25.820958294015995
76.84800633650518,22.45442441107697
85.71427552324339,25.569561150883374
115.64339545476466,-2.670512213603217
80.02955845995693,24.049592786794292
104.05293862048565,21.99024718977873
115.66997404613448,2.751379073033119
89.38443373368455,25.954695637654172
74.95749325680688,21.36911871021307
83.46864887328286,25.208774533374566
115.8539885139434,-0.6035672721308826
93.08874032293252,25.84382704524219
77.96461379560537,23.221713664712805
115.47772844767609,4.822631020214398
87.09008612676547,25.897877109182676
73.18242718363335,20.131648378863947
81.26949329020627,24.662126436867737
105.26137315739518,21.364072031529826
115.91084297243415,1.4801169809998287
90.80498389731866,26.09487111490831
75.9941003111857,22.22568652230923
84.80682635850422,25.64994571001315
115.94094639214393,-1.897276192088255
94.51686145735871,25.79191160564885
79.13730154931427,23.934508483110434
103.4741418009929,22.619441968163386
115.81279688622979,3.5688514146224195
88.4950057736874,26.155130920964417
74.13272224873255,21.070446841496665
82.55742110450684,25.212549202402645
106.432146524004,20.673640181810356
116.09265395373447,0.19235061180753704
92.24059058039691,26.160765295060543
77.09064257337907,23.03261888788065
86.18210556104049,26.022698911797335
115.96753754992474,-3.2001617831794538
80.36357127922844,24.589457970354886
104.71783775622401,22.022873075194617
116.08936494567166,2.2941414030572562
89.92382609377505,26.339452050290518
75.14580981801541,21.96471509935803
83.88967984670845,25.697912935353337
116.21473493831364,-1.1090642814111953
93.68553659045017,26.151355378843256
78.24530193462265,23.786402221190706
115.92987015446622,4.396326200286324
87.58975719993816,26.324694913969942
73.31664248397858,20.740339540099136
81.6404617331886,25.183326808046722
105.92513290445766,21.360334218457787
116.30677502227908,1.0013343834860602
91.37104420077972,26.449283746175855
76.22050072603396,22.810845713317477
85.2621446029221,26.11546869340067
116.27640623510032,-2.421244871993984
95.13398896028646,26.06596886289089
79.45582559997543,24.483591111938388
104.14246113102682,22.66715689548297
116.24256345804852,3.1192796860138783
89.02466841295603,26.553872440423387
74.30463069582196,21.671718104905256
82.9645349085342,25.713027716268808
116.46437691753466,-0.3067151067546317
92.83092555309756,26.48340419580625
77.35521815642639,23.60525740568988
116.02082708132367,5.232914740445313
116.27697139389807,-3.741277499399504
80.7194981615616,25.120837753829
105.38603876023174,22.03404328307305
116.49598298190529,1.8225283216411738
90.48139066948005,26.708476172850744
75.35575670656597,22.556526112193314
84.33187268399783,26.17565546515351
94.29757507918083,26.440942733890143
78.54796000950253,24.344420044974356
116.37007484515269,3.954657852873383
73.4720111116844,21.346961953285124
82.03312138474794,25.694924040162263
106.5907331725888,21.335179501356635
116.68950072882154,0.5089278539749884
91.95419919539117,26.787081075413504
76.46868424954621,23.391124394635867
115.45554106599674,-8.444383415962166
85.73808549348706,26.56852157840312
79.79626586855444,25.024882991271106
104.814823881472,22.6935637507902
116.65991602076046,2.655071936790449
89.57300932746305,26.937484592850108
74.49793800499997,22.269854275523784
83.3930037390614,26.202795733023322
116.82248629775052,-0.8186455365142455
93.43716226649389,26.788612060044507
77.64166458002536,24.171908231616488
116.4715375816566,4.799396633606277
81.0971906657427,25.64330650091808
106.05679664195914,22.023898849552353
116.889744527919,1.3370164595780567
91.056624567537,27.061451373962424
75.58730164161811,23.14411915473483
84.79496153574814,26.641597919463987
94.92421807115464,26.712358175244198
78.87249882963147,24.895334349178942
116.7982167347761,3.498099858468035
88.64736587967084,27.13550360964016
73.64852462122481,21.9510844420379
82.44728721209968,26.1964956955147
107.25745357043523,21.288786834183156
117.05895602486373,0.0033679983844432837
92.55389205902361,27.107972887257556
76.73860676974327,23.96608761744325
116.54659013719127,5.652611085951422
80.15850594499642,25.557951320636658
105.49047325654199,22.69877140386604
117.06475350952289,2.176697958864175
90.13956307101756,27.305627362959047
74.71263155821372,22.864421500877253
83.84259968063601,26.6814363973586
94.05869248743632,27.076128926543902
77.9499199493371,24.732134362360807
116.91052974313791,4.350741599581032
72.80894324005348,21.6005284023643
81.49649845640299,26.156432979826175
106.72937542690323,21.992588072060084
117.2705697306076,0.8380705298384901
91.64900615137527,27.398061944979034
75.84042285406582,23.727057373844428
116.59486899786945,6.513410109026011
95.56481017935413,26.965375593456436
79.21883226082878,25.43870686321333
117.21417730510296,3.0271149116439604
89.20446736759749,27.518772770980462
73.84618804800094,22.55227295177761
82.88276834227878,26.68761425135637
117.41507877893841,-0.5148862945390345
93.16954657282137,27.411671785500317
77.03023167106187,24.535295602565906
116.99649945091687,5.212121203668435
71.98056217591521,21.21855272121432
80.54242868447945,26.08235788116007
106.16865961180808,22.682897257048367
117.4569802651222,1.6846163358736006
90.72384503991925,27.657961389693472
74.94870985389342,23.454982200850303
84.31308511127871,27.148528587320378
94.69488883733226,27.345699552235313
78.27992649886939,25.285493628806474
117.3376675104911,3.887404982899665
88.25287701085996,27.700107219155974
72.9894317226589,22.207974239156588
81.91726653636208,26.659780903586643
92.25799354765066,27.717994721149065
76.11510692066355,24.304899523160444
116.31105236388215,-8.912860885264008
117.05576797227623,6.0813567798789645
71.16468713531376,20.805575722433158
79.58687463761375,25.974094079307264
117.61784500366116,2.542155238302965
89.77984538910273,27.886803542181934
74.06501808439428,23.150090221645733
83.33936530636063,27.16784780190485
93.8005661030401,27.697894849675336
77.34352752771572,25.09830372825903
117.43487535641549,4.756700616019778
80.9479135440241,26.59765943405756
117.83650572848585,1.1792751539356665
91.32534980442253,27.9941494777246
75.20618053318115,24.041094839471757
117.08797322751705,6.957559932042432
95.34510427248362,27.597075065975435
78.63162815527235,25.831538817443818
73.19084442894477,22.81267050629355
82.35933255253015,27.15290948815527
92.88302343014077,28.02094065067672
76.41134663631587,24.877199846806533
117.50544953484504,5.634128589561924
71.31052391711854,21.424408288793934
96.88513022611217,27.415346247773147
79.97653821941708,26.50104751956167
90.3730327891571,28.23923650074186
74.30504129598096,23.744095474650944
94.44633287409562,27.966365224448108
77.67846582658649,25.654662538608083
72.3276264230764,22.443070267743607
81.37483396936062,27.103408143123335
75.48505843376054,24.62231371702052
116.95800532671447,-8.768142743939928
117.54903419356249,6.518809464882148
70.49098151697522,20.986012188649827
96.00867186168354,27.830014538440388
79.00496812722795,26.369817816506767
73.4132247239705,23.41417810836599
93.52351008129381,28.306596317116984
76.72913890374394,25.44350798618942
117.94375330102308,5.172157337279413
71.4767372130653,22.041691778327394
80.38773067703272,27.019114031564605
74.56629235698759,24.33384412974193
95.10620753248907,28.216813645731225
78.03501870218035,26.203917778944184
72.53220666318158,23.05167937270621
81.82305482244412,27.599152029251997
75.78536365080207,25.198188786267895
70.63948143066212,21.608989057151593
96.68490485508342,28.044286471306812
79.39988650760144,26.89987379336932
73.65662491402809,24.012054519953395
94.17884473378076,28.5746654179408
77.06848262345315,26.003368915205034
71.6633977954187,22.656992743954195
80.82035259853566,27.52783611950183
118.75407155257375,1.0078057858731602
74.84881228546683,24.918887538577245
117.59448562949463,-8.606793550901113
95.77952899942993,28.448979905242304
78.41315666927211,26.745610464153895
72.75757277054204,23.657270172322885
76.10711958894832,25.76826549760953
118.4377429882037,5.596756066321253
70.80813909347349,22.230565182238575
79.81631787754598,27.421245409747293
73.92110465619912,24.605853453181613
94.84839519419523,28.824860199920057
77.42937656890669,26.55632290854569
71.87058676276014,23.26987509612427
81.27429500933144,28.02675231770004
75.15264666195664,25.498772750515176
69.96769825431471,21.772893573918854
118.99363301953566,-3.281241031094505
96.46561461044949,28.662614253142156
78.81284634239846,27.27927698568653
73.00380077370205,24.259399577076238
76.45035099028179,26.33208467693494
118.86507179840275,5.114281658194751
70.99704689538362,22.850308623163762
80.25418890519357,27.933467080671058
74.20672934649748,25.195124552611322
118.22073141895372,-8.42940813934562
119.27979083161881,-2.413014766516358
95.53150575103714,29.05690285004988
77.81181723620217,27.101905548578046
72.09839429164892,23.87989966120183
75.47784381721804,26.073042309280343
70.1382583596901,22.399061785954004
79.23404813324093,27.804449262406514
73.2709735243514,24.857620697529793
119.54074995472364,-1.5313016139922198
76.8150819264776,26.88918244072217
71.20630700681693,23.467784723918832
80.71341593513934,28.436069282969573
74.51356847180949,25.77941311984447
69.29544858065906,21.916673532565138
119.56807946734361,-2.99384074481315
78.21579665846875,27.639647775362995
72.34691836165992,24.48662376390612
75.824452977005,26.64123408516014
70.32888442108637,23.023539369333843
79.67671392153315,28.320654940995393
73.55917921606326,25.451482506306746
119.8423985400027,-2.1073061385268117
77.20133374519814,27.4390901527191
71.43603026734971,24.082555652593086
119.9859369329891,0.2693013901502606
74.84169391405636,26.358259871527263
119.84288922680213,-3.584731931857113
78.64130017867645,28.169075984866847
72.61626344070193,25.089600835570785
120.09121318240653,-1.2078057038910834
76.19252235265937,27.202881146222605
70.53969795495058,23.645893850869907
119.77704831329753,-5.066164478355544
73.86850985188714,26.040529530543292
120.13081773485406,-2.6936815797355464
77.60912296334091,27.98133442685571
71.6863350350177,24.694179964323872
75.19117819491896,26.931200733651156
69.65922863405126,23.1771674870639
120.10415755353853,-4.1853030537221905
79.08830417662392,28.689712180180116
72.90653911767862,25.68838004972301
120.39321085302491,-1.789360283912373
76.58209716983434,27.75751167316976
120.51125086595954,0.6268119676204714
74.19905964988112,26.624301577842164
119.17374129852992,-9.50355887244973
78.03845910085172,28.515437180645762
71.95734598363676,25.30221218876324
75.56209265225029,27.49776667613033
69.87109665339378,23.80465256557805
120.35182132039031,-4.795175386328566
79.5567737487785,29.201074180662008
73.21785867207177,26.282505987974012
120.68214772543368,-2.3812059152437848
76.99321762777433,28.30464892169577
71.02241458555892,24.88248666019914
119.25148499506376,10.243249890196507
74.55092337553968,27.202333498301506
68.98840349235991,23.311642041385177
78.48934245231018,29.04091574402868
72.24919283744069,25.90620244433063
120.93253229465246,-1.4595998189428667
75.95450553942919,28.05748359113029
80.04666034100748,29.702675893412003
121.02460193007295,0.9950496965065778
73.55033756939974,26.871518338463588
77.42591678445531,28.843811236949428
71.29459861062172,25.495841751740077
74.92419459388906,27.774154987095105
69.20084499881558,23.9444804939726
78.9617617958704,29.557283028564424
72.56200903176769,26.5056960809915
120.21658655943058,-8.446883132365995
121.22234515306961,-2.056831925107992
76.36848004226445,28.609872219850953
80.55789933876844,30.194027652029675
73.90409187334669,27.454951630143576
119.92741569720772,-9.955495368978012
121.22056192671053,-3.594282273892095
77.88021836450689,29.374512124656494
71.58752968922059,26.10530643531453
121.4606434863862,-1.1184247203623974
75.31896383259915,28.339290430745102
79.45569203832018,30.064047760722943
72.89593029083915,27.10023335487238
121.49917792742443,-2.6639163627691103
76.80407220794808,29.154448131752776
74.27923656600736,28.032335006324345
78.35613448895865,29.896260383590363
71.90136038588497,26.710427450970865
121.75166472891998,-1.720955893980697
75.73531664932106,28.897258801009897
79.97109180294665,30.560714785038016
121.85803071024854,0.7919378892068315
73.25109311276553,27.689349137271225
120.52638474794604,-9.748961017425293
121.76296051437086,-3.280493574039127
77.26132878337411,29.69072176098934
70.92194349716489,26.28602442783808
74.67588376876917,28.60319204129627
119.8809397697211,12.223665394897996
78.85366332795462,30.40856030409783
72.2362457718331,27.310746228003385
120.96790983718704,-8.868695857313837
76.17333160019737,29.447573601704004
73.62763315362132,28.272572661700327
113.9299755404112,22.37586518610456
122.01362339265494,-3.906209361973478
77.74028496171579,30.218198504785512
71.23631666008838,26.89700563702268
122.2703428543502,-1.3739542203371713
75.09414085749654,29.167040604181036
79.37278668079611,30.910911937670623
72.59234197811577,27.905798570307464
122.29510467460547,-2.9550436506394
76.63307810486106,29.98974287232164
113.97921595036576,-22.679707745816927
70.25283159046799,26.448668080304937
74.02568350296174,28.849427312753107
78.24096203830982,30.736378888644257
71.57169654165727,27.503336507011173
121.54836052767097,-8.629260821103104
75.53410846685834,29.723392774439052
114.80991407537375,-22.050967692764754
122.67136805761,0.5777815638338114
72.96980464103173,28.49511437874626
77.11461420715479,30.523269253687534
113.79787188732385,-23.337542689776676
70.56728535322479,27.065717395603652
74.44537284417439,29.419430460993496
115.61749027382325,-21.393234323478318
122.4753109044856,-5.1836652238899354
78.76336497920178,31.244758803322593
71.92825815008543,28.10455430529013
75.99587838090336,30.27175481412439
114.64882099284358,-22.715341390801484
73.36878723051554,29.078217413392913
122.78660649821634,-4.225509433448165
120.5650319509586,13.275302982675838
77.61798423208516,31.047650120638146
113.59730095082219,-23.994240388472107
70.90269889977849,27.678266764027892
74.88682349419604,29.98209334842521
115.47652215165122,-22.0636183162229
122.3902937402469,7.744308272013556
76.47953130627586,30.811627201134524
114.46885456184363,-23.379100302372173
69.89467662786807,27.216833574871337
123.27664216732987,-0.6479903377976716
73.78943925505773,29.654625100294542
116.28022277862728,-21.38319482071908
121.0755173170064,12.805716553285498
78.14321634186192,31.562377786902623
120.13058548524747,15.25910333358421
75.35014931845653,30.53692102943439
115.31704272277412,-22.733894725870503
123.46591986746499,0.35310406985831555
117.05925915549018,-20.67491239337753
76.98513453033192,31.342504729772376
114.26979950756403,-24.041842133147405
70.2296720844838,27.835785265806
119.86543601837064,16.24749303531098
74.23190433703277,30.223848387332104
116.141080659638,-22.059451069246727
120.67075424735225,14.810820699067605
75.83545351834476,31.083412372352587
115.13883735428583,-23.40367016009626
122.1911975669062,10.800599087254136
116.94027682088137,-21.356618088767473
77.5127394646289,31.863876683239013
114.05143085923456,-24.70316050942622
120.42069065842698,15.810519629425595
74.69631815360495,30.785391654188242
115.98358239737372,-22.735706990734073
122.06512620106012,11.823311970232396
79.25928332596877,32.56081924305642
123.94154190577095,0.7460117135831917
123.21023992600487,7.670642533809216
121.20086035955978,14.347447558424156
76.34282629114324,31.62106012741163
114.94168107919357,-24.07254755599452
116.80331214695114,-22.03880866549111
78.06237907905303,32.37522708388814
120.96605575387885,15.35816868604195
75.18280623981795,31.338752681779457
115.80750488930978,-23.41157468957814
122.54388048226309,11.311165392135244
117.59739707742415,-21.313849540885982
76.87234236193714,32.14935106598699
114.72533889230311,-24.740125658824308
123.39489315792873,-8.513360002617508
123.10759436303735,9.744741499307718
120.69889996408207,16.3661521218366
116.64814553777344,-22.72110517805753
78.6340652337809,32.87603502670712
124.40727754524205,1.148308591134472
123.60002472128627,8.150537607257345
118.36529517776424,-20.56171820948221
121.5012880570196,14.890765506311578
75.6914816521759,31.88342268681884
115.61261439518343,-24.086662503633107
123.01171550297231,10.785501789011114
117.46294401224051,-22.002021868175483
77.42405839357848,32.6677661979897
114.48956611534292,-25.405998504188485
123.54910257061653,9.19730433044099
121.24972882144849,15.909931674644836
116.47454632572739,-23.403125356722555
118.25133353197991,-21.25522288121518
76.22244249302342,32.41888642743559
115.39866676770473,-24.760574481517057
120.96542226091657,16.925846036669032
117.31044286187455,-22.690405561516563
77.99801027929976,33.17578107250561
124.86330407546347,1.5597070179806487
123.66718433178073,-9.892781706388991
119.01283348953709,-20.48161763442288
116.2822728807606,-24.084483084631344
120.647762129066,17.937520539617275
124.41852590253409,7.002786221341161
118.11970937904118,-21.94941090661915
76.77576929822102,32.944622385929456
115.1654077513236,-25.432909861163118
123.91405997888351,9.694951441783271
125.07247938752243,-1.8206040592360058
121.52197488861104,16.465950617402306
117.13965626098808,-23.378624083215982
78.59421032808265,33.67286616785028
113.9587044564907,-26.73097794209349
124.39812961398013,8.065071372106589
118.90184228591056,-21.1810614181146
75.56346675251847,32.67256010121971
116.07107277766727,-24.764787874444764
121.22044829568992,17.489450712934495
124.81044079768118,6.411321951230529
117.97019113169308,-22.643915006002956
77.3515222941821,33.46010303519849
114.91257335738753,-26.103262550556902
124.22160736866776,-9.617772484184894
119.656422397544,-20.38628550352995
116.95033554233177,-24.06629698460806
120.88513500098469,18.508191409104242
124.8054402543266,7.480931026946095
118.77334787948769,-21.881286689896985
76.117933344818,33.20585348751563
115.84068303006023,-25.443644343630016
121.78297843145454,17.026070935177213
125.19068501493541,5.808564377254412
117.80253556062772,-23.338364460666348
77.94973853062345,33.964795194391996
114.63989032465759,-26.771220611907342
124.77115875482484,8.554296128650703
119.54868627448926,-21.091679190700884
74.89585133316467,32.910442995408474
116.742220842695,-24.75303938202264
121.46415191544554,18.056819364280503
125.20116101985298,6.885206919154931
118.62711391866621,-22.58193209098276
123.3488150855264,13.938060344774906
76.69501606351217,33.729039801461006
115.59083039878557,-26.120651689841775
124.76828105372027,-9.330830248579604
120.29584831794669,-20.27603807095689
117.61648778685512,-24.032384593490512
78.57042890327277,34.458160480964985
114.3470766748046,-27.436365750830753
125.18248224678561,7.965992209767213
119.42360635244854,-21.797951846541086
75.45098221725819,33.451511572172286
116.51504127376063,-25.43846142891867
122.03290807370655,17.59014225583788
125.5852126970731,6.278219288791098
118.46289211428832,-23.282632790640886
77.29477710777913,34.24158265431324
115.32123178374667,-26.79540316744826
120.1916358961159,-20.987381933076108
74.22004146373273,33.132601156958124
117.41178132837624,-24.725596244286933
125.58220549398652,7.366132281020646
119.28094229239106,-22.504748070170077
76.02891734515497,33.98262505694185
116.26851516429295,-26.122167786854554
120.93090525177404,-20.151183241821855
118.28042217683728,-23.983019968732812
77.91725298897008,34.74293982383328
122.36577409638639,-17.682384010107743
115.03159470875033,-27.467485566670142
125.54982409413682,8.457754778728866
120.0702394613443,-21.699701613277043
126.27619199052425,-3.4673977553502757
74.77535754284129,33.68164443367796
117.18813820829763,-25.417615240340123
124.94777011812799,11.22490033035985
121.6411890171379,-19.290316201053173
119.12044152226706,-23.211708971552667
124.14617310641212,13.947879755189932
76.62974444901313,34.503244306776864
122.99803539531572,-16.772065695853353
116.0023503836594,-26.803757094905798
125.48769622899088,9.552260860415474
120.83046955908908,-20.868467899761978
118.07943180514573,-24.682720291276087
124.80855027634941,12.313900159186655
122.3223258914819,-18.405738021139257
114.72161790972552,-28.13647869715135
125.9537385494072,7.853881698204062
119.93141543493991,-22.41264769046816
75.35366275800932,34.220888717173644
116.94526913235451,-26.10805186271403
121.56139526347633,-20.012021339934865
118.94183912067793,-23.91847165676886
77.25352616834729,35.01282370189162
122.9742109604647,-17.498400323190324
115.71624475577654,-27.482821439446543
125.90762835616769,8.956011495184672
120.7130102363018,-21.58682459232412
126.75459348909193,-3.0879465037051617
117.85963673352856,-25.38135537937892
125.2725316593998,11.746569410301996
122.26284788423182,-19.131333318280582
126.34596317956324,7.238790117359114
119.77490771341334,-23.12586725341533
116.68287374396452,-26.79651030981434
121.46497415244073,-20.73522856904413
118.7448577493234,-24.62466870417418
122.93471931614754,-18.227369639532867
115.40988657393675,-28.158945825880675
126.31591573492098,8.348246582092914
120.57828118466566,-22.305909887407186
74.66969954054464,34.443858235234394
117.62074084501678,-26.078541272101646
120.64304685413899,22.292957774699335
122.187128883059,-19.85884576433784
119.60044750079169,-23.839003388739467
116.40064096764692,-27.48258815798928
121.35169054345708,-21.459603396086315
118.52920764046969,-25.329927632316757
120.14408193312745,23.30551281960142
122.87936120942258,-18.958656822625112
115.08295522771537,-28.83170765437737
120.42602349660592,-23.025376876938353
117.36243635919263,-26.773887884040636
122.09494544443112,-20.587949241896332
127.44622022714033,-1.6027421278329528
119.40775318678571,-24.551694657770547
123.54161474456821,-18.035634546391485
127.5201502956473,1.2994951649487214
116.09824944938666,-28.165875822606445
121.2212965110774,-22.184808374644795
73.97748518612072,34.6515597982337
124.77251011831358,-15.385356090263219
118.29458664695939,-26.033870359948573
120.79777913621992,22.886466312109157
122.80792543786224,-19.691943548433564
127.63964207321045,-0.49692926108260643
120.25596523893665,-23.744874667606915
124.17388191096688,-17.09074194099171
117.08440410409467,-27.466998458606156
121.98606148644433,-21.318315192078323
119.19653027569623,-25.26357456448875
123.49057134669638,-18.772574565063838
127.80484407444807,0.6176170452719046
115.77536810652617,-28.845956020067067
121.07353104792871,-22.910502611112882
124.77619621046341,-16.1249306258587
118.04068036306424,-26.736112658793925
122.72018841336873,-20.4269095499423
120.06782127764664,-24.464047860102163
124.14287686442167,-17.83082054199839
127.94170750880798,1.740114889348644
116.78631388191491,-28.157469018939906
121.86022792491472,-22.049612139276796
127.91441429795857,-3.006797503396806
118.96647137437934,-25.9742710133094
120.94126000559554,23.48224828759429
123.42361331784959,-19.51159583648397
115.4316567988212,-29.522403233624484
120.90811980050353,-23.636341259029958
124.76488044901258,-16.86764799115976
117.76716232539255,-27.436263599991957
122.61591374234058,-21.16323216270772
119.86129315043837,-25.182536016792618
124.09632945988521,-18.573368297360418
128.23036697313765,1.0541355635598173
116.46782494116484,-28.844887816756536
121.71718233414754,-22.781505203679302
125.35665756779957,-15.88401030883084
118.71725624689029,-26.68340575786415
123.34051751513672,-20.25238388398898
115.06676713382218,-30.194783185650877
120.7247748428364,-24.361975000641152
124.73837882893888,-17.61320913309474
128.3548900541328,2.1886184579723387
117.47369430402948,-28.133924995418997
122.49485182481735,-21.900585856663845
125.91831333168723,-14.880846734897094
119.63606899342771,-25.899973118673206
121.07355440013605,24.080185658295743
124.03403018025759,-19.318078286553508
128.50691379446715,0.3596178717612916
116.12858656566827,-29.528834783130005
121.55664863739871,-23.51365559955961
125.34984399903274,-16.632086979131465
118.44855194488729,-27.390593841435248
123.2410478362042,-20.994621889907943
120.52319449384983,-25.08704951561767
124.69649567072851,-18.361314054452997
128.64764704968977,1.4986293227601555
117.1599266951058,-28.82869083542516
122.3567394758188,-22.638641753595405
128.59146743662322,-3.3215638089596067
125.93084038820407,-15.63095574200145
119.39182353105382,-26.615987010399028
123.95575689032917,-20.064641755366527
115.76823879503492,-30.208880982325873
121.37833683136085,-24.245720119738415
125.32800235613837,-17.383075897111222
118.16001302380513,-28.09544303007519
123.1249547840465,-21.737990234028157
126.48150895230253,-14.61075376115191
120.30306318496959,-25.811204937015177
121.19471432547128,24.68016174751544
124.6390230969813,-19.111661411373913
116.82549902715672,-29.52014672479718
122.201299572165,-23.377067130531312
125.92867490159011,-16.384333251281422
119.1282181362969,-27.330198836099797
123.86127435635055,-20.81274767628132
115.38641329030163,-30.8845880722786
121.18194275018503,-24.977350605934117
125.29093915363698,-18.13668247871982
117.85128185587736,-28.79755323975465
122.99197505071864,-22.48216601705473
129.04524614991607,-2.9141951755924667
126.49866658073849,-15.36603932820846
120.06405138550056,-26.5340752947146
124.56574051605465,-19.86394809704055
116.47004059399134,-30.207869319840846
122.02824073022747,-24.115524907020728
125.91163777749577,-17.14069079491119
118.84490097223363,-28.04222246525886
123.75033377874642,-21.56208229386081
127.0381520614168,-14.329130477055266
120.9671478752975,-25.70819340495846
125.23844864916026,-18.89261086515878
117.52198905220531,-29.496515959235847
122.84183112333172,-23.226822568574505
126.50128360981543,-16.124655337087997
119.80581559432328,-27.255287946683172
124.476414114928,-20.61786880917116
116.09317123007715,-30.891425767957394
121.83725701827318,-24.853673118267203
125.87953818065081,-17.89973909595846
118.54150722533672,-28.75166391043118
123.62267234052018,-22.312328654449885
127.06006561758053,-15.089527479558665
120.73361919816622,-26.437888810860517
125.17031230501424,-19.650563514362243
117.17175400724251,-30.191913670771463
122.67423091642316,-23.971628938972497
126.4891840417106,-16.88631843702499
119.52799840688034,-27.974462999354188
124.37079636184176,-21.373115603065187
115.69450224192683,-31.570373154935297
121.62802771036377,-25.591164372269674
125.8321729732239,-18.66118768324271
118.21765944267355,-29.45812073817562
123.47801277438467,-23.06316611963325
129.70673539131562,-3.231203719429254
127.06758865855772,-15.853316209726309
120.48100914415102,-27.166070493299674
125.0862982558994,-20.41024077706946
116.80018558026144,-30.883319271183954
122.48886743496,-24.716249375609074
126.46218012192065,-17.650744547644518
119.23022866948615,-28.69121271650502
124.24862552173643,-22.129377427786622
127.61497447563674,-14.801680874224727
121.40021708817062,-26.327645291608405
125.76932615618345,-19.42474449114127
117.87296798631415,-30.16118147506647
123.31606295226676,-23.814269862931116
127.06054867699851,-16.62021831167914
120.20895556664128,-27.892364912639405
124.9861607842588,-21.17134045670551
116.40688292969806,-31.570295496300137
122.28541847463333,-25.460342781275425
126.42007176135601,-18.41764848290752
118.91212173101859,-29.405140919980955
124.10962518683613,-22.886339645582503
127.62751659650338,-15.570573510333194
121.1534742985406,-27.062755939884557
125.69076831440887,-20.190115443676202
117.50703161954242,-30.860425011085717
123.13651550151967,-24.56531034926463
127.03876140484135,-17.38995478729993
119.91708182194353,-28.616390722398847
124.86963980470061,-21.933557353116917
115.99143651667963,-32.252394352940385
122.06354636430953,-26.203562157020745
126.36264595962486,-19.186743559172186
118.57327980652141,-30.115842382317997
123.95350382570544,-23.643683533820447
130.35702093695656,-3.5547962224496903
127.62564771658921,-16.34264497874089
120.88743327565085,-27.796129233124677
125.59625606665662,-20.957004022187085
130.54267143815656,-0.46294598929340275
117.1194382407872,-31.555420003193763
122.93904745294772,-25.315952796793614
127.00203022125332,-18.16224562874337
119.60499693594939,-29.337758160722498
124.73646036079874,-22.696582787681127
128.18100188459636,-15.2766797429692
121.82289775913111,-26.945554027614552
126.2896762297076,-19.95774118743329
118.21329246671,-30.822902213931375
123.77995435471607,-24.401085768884958
127.6091874359411,-17.11762124569097
120.6017127377655,-28.527390336687972
125.48553152189248,-21.72511081587185
130.7836403136691,-1.2006546908449627
116.7097657825222,-32.2457242824347
122.723319926693,-26.06585662070755
126.95014556009342,-18.936809434289664
119.27229587699249,-30.05606843067203
124.58633213587868,-23.4601041115267
128.18440559045712,-16.053848236456098
121.56310349224783,-27.685957850457637
126.20092202487626,-20.730350448890572
117.83173726941692,-31.52589524727983
123.58865373660637,-25.15821789152596
127.57794299783006,-17.895227369512
55.49518280977529,23.84195181814992
120.29591626988103,-29.256156048483767
125.35832174403885,-22.49413305434271
116.27758329382576,-32.9308842684655
128.72798676548942,-14.971882442241265
122.48897786239833,-26.814674859461476
126.88288431610182,-19.71336300936443
118.91855994734657,-30.770913073204877
124.4189489822755,-24.223804194411745
128.1733724894104,-16.83399096884458
54.711554643139465,22.878891811978026
121.28377849486104,-28.424405408165367
126.09612816904661,-21.504277653089844
117.42818055037785,-32.22438542106131
123.37926261165414,-25.914745753226413
127.53170868183952,-18.67518712568711
55.6713133036009,24.605620811808624
119.96963250492269,-29.982034169622455
125.21433822723101,-23.263764122188782
115.82245222572477,-33.6104343967445
128.73675498789947,-15.754073262724482
122.23564980289278,-27.562053581714373
126.80000925108432,-20.49162095008091
118.54335731067829,-31.48187333348722
124.23398847293326,-24.987360894372834
128.1477140610082,-17.616837949455487
54.86403822457739,23.648710974285823
120.9845217954775,-29.160520185404856
125.97502429219061,-22.27922587785571
117.00217839222456,-32.91792516810561
123.1514249679203,-26.670328943253455
127.47026519414936,-19.457222615621724
55.86518860423759,25.368983301002476
119.62243541773506,-30.704622863889792
125.05327638573468,-24.03369305299642
115.34392794213048,-34.28389656243247
128.73123956498156,-16.539306734850697
121.96294773888346,-28.307631276379436
126.70126840066514,-21.271295209272058
118.14624367231767,-32.18851952391317
124.03111148046695,-25.75044650746971
128.10722881862156,-18.402118021257515
55.03375860841996,24.418670721568876
120.6649166106693,-29.893916730858948
125.83732427293728,-23.05489449021788
116.55327779200026,-33.60605481131432
129.28263669358157,-15.443560736635993
122.90476785806578,-27.42462019618311
127.39337905490616,-20.24105385910459
119.25388474693314,-31.42351000858811
124.8748150609589,-24.803604004548323
128.71125656208068,-17.327317699961487
54.237843145017784,23.442903856920896
121.67046702634907,-29.051038224441758
126.58639448293596,-22.052094644060492
131.84600217253234,-1.0488976585338403
117.7267631314751,-32.89041038705718
129.80226222204985,-14.330543389422942
50.05160237419012,-13.844087529782303
123.80996178965688,-26.51272719714967
128.05170168559408,-19.18955847822822
120.32453054114693,-30.624200005532824
125.68272569106429,-23.830978647527523
116.08101804890407,-34.28830197276117
129.2827202194935,-16.2338071504572
122.63890117149677,-28.17726477973249
127.30080198409672,-21.02639836772905
118.86352656355224,-32.13827253760485
130.29047172445888,-13.201174733982615
50.25612273045365,-15.053771093233351
124.67861605116958,-25.573175712711105
128.67660909126334,-18.117839954711283
54.40100965570512,24.219080013717676
121.35778638799954,-29.791895853849113
126.45510431074995,-22.833724544112954
132.07210552623758,-1.808284023212808
117.28444922605048,-33.58709246255869
129.82199940083856,-15.122546941961437
49.60315687910832,-13.184320473912726
123.57016575036569,-27.273862402859038
127.98090336653038,-19.97888466574466
119.96291588857753,-31.350964719021157
125.51090929331275,-24.60716877784491
129.2684926629466,-17.02690311244906
53.61678985917383,23.224757725524306
122.35341747122808,-28.927899863719205
127.19227028572762,-21.81297070096156
132.25188287705873,-0.58931157084905
118.45089400346359,-32.84847578177102
130.3294746715924,-13.994473082153752
49.78905753645422,-14.402598068935193
124.46432366896086,-26.342080924130993
73.566409542621,39.7362126188044
128.62708667544587,-18.910605876957188
121.02446801228137,-30.529816078301643
126.30709820994761,-23.61588613970706
116.81882619227115,-34.27809946268842
129.82775437448137,-15.917726732594913
49.16713085460002,-12.513712452951202
123.31133197900726,-28.033504227663364
75.88662048671098,40.59470533458882
127.89458971397899,-20.769819563159068
119.57961011030345,-32.07379465582059
130.80552133372282,-12.85049761468999
50.00779158908244,-15.619225743006227
125.32153847616422,-25.38315003955385
129.23976207702833,-17.822587255212266
53.77327161126058,24.007071722004845
122.04789190820904,-29.676153868830212
78.30715085829502,41.337480035296394
127.06750423252802,-22.600482002040337
132.48280538767733,-1.3523556609669396
118.01550818595412,-33.55367280857753
130.35479950454672,-14.791263857526504
49.33451952833936,-13.740251717720868
124.23156433300376,-27.109985807088975
74.33153253898932,40.26910327797113
128.56246460556528,-19.705346034719785
120.6700577649907,-31.264400621251973
131.25050380044962,-11.691509412473106
126.14205944641853,-24.3982760887313
129.81935334046315,-16.71582689749082
53.0010586264518,22.994498444876854
123.03305111796433,-28.79129680480665
76.7065151434203,41.08874572374918
127.79250109117638,-21.56208334753327
119.17413643105225,-32.79226199421093
130.85003004742393,-13.648442340738852
49.53438655488503,-14.965607659505109
125.11425879166458,-26.158601757641254
72.79898334797379,39.893636653089644
129.19632294343185,-18.62059692744652
121.72188222418771,-30.421645798130434
79.17930858511446,41.78950223165315
126.92620745271604,-23.38863951353692
132.70168558526103,-2.1221363661009844
117.55687934045076,-34.25340376623542
130.36629010336796,-15.591295975974898
48.8924987168275,-13.067035414775
123.97994620163624,-27.876549340099693
75.1233416529225,40.78850428274252
128.48250329075822,-20.501788777350484
120.2940855303411,-31.995240326865225
131.31383876416743,-12.490165606133951
49.76740816733544,-16.188941304358796
125.9596536656068,-25.180585941744663
129.79660961302443,-17.51659078430738
53.15073727701456,23.782867920873386
122.73489566385628,-29.54687564323687
77.55274126017147,41.56781286025477
127.67436173147172,-22.355392938356534
132.88640777896134,-0.8890997154173369
118.74600463180857,-33.5059266215619
130.88100087731166,-14.44993923428338
49.07361956052307,-14.300782951177382
124.88869748067592,-26.933196838407195
73.56136438668844,40.437473184069525
129.13795551770528,-19.420667811450894
121.37492885908237,-31.16398455061737
80.07701902042473,42.225085069762486
126.7680663213369,-24.17714607149878
132.90850855807582,-2.8984063951683585
117.07450816584199,-34.94719523715757
130.36377816949553,-16.394318031214514
123.7090588571012,-28.6414226779811
75.94192763814372,41.29376884757684
128.3869476018262,-21.29965980797964
119.89606570023602,-32.72191446019734
131.36390674371017,-13.292675708384488
49.287519125011485,-15.532981594506737
125.75952834887154,-25.962501584245487
72.02405777495329,40.03651628177232
129.75932296898915,-18.319760595771182
122.41641987642038,-30.29986695317359
78.42523085254915,42.03125185454089
127.53987909685772,-23.149461520332096
133.11021111753539,-1.6624804844232501
96.91021518832912,42.88123817138854
118.29471204038224,-34.21433544848209
130.89828340035388,-15.25474141124739
48.62547451771498,-13.625056170212236
124.64446304165592,-27.70660116019129
74.35081427588744,40.968023405688
129.06442516524066,-20.222533523052448
121.00655517874831,-31.90276821891563
49.534907765127315,-16.762787530796132
126.59274935928867,-24.96569957721008
133.10325513822178,-3.6809215968575257
130.34708257688257,-17.200077962048116
52.533587110543934,23.54668966001653
123.41847305062403,-29.40424849530385
76.78732676635725,41.78424156849954
128.27552620863287,-22.098681736263025
119.47549783249869,-33.443989999440106
131.4005746309661,-14.098796663185668
48.82038620640092,-14.865778614817836
125.54131229211028,-26.743702655219355
72.78309649261695,40.59138631180051
129.7072789833998,-19.125077015250152
122.07715978352583,-31.049886950722687
79.32384885560924,42.478403360492194
127.38874323634815,-23.943998045782745
97.99654828329302,42.972702252004154
117.81974474613729,-34.91702172861336
130.90171508672194,-16.06260179338868
124.38114484260463,-28.478472940499437
75.16746655342547,41.48463588228143
128.97548168801214,-21.025925192882323
120.61626784174172,-32.63758337277936
131.87108971612685,-12.927393405590879
49.04838962296988,-16.10458881484485
126.39990664391058,-25.753992445613317
71.24218519138044,40.164810425570046
130.3160087118821,-18.008322703843344
123.10774052006133,-30.164660307355796
77.65951488183792,42.259259723192564
128.147950912573,-22.898573610262876
133.51176276206982,-1.1956051712949622
96.36142219297331,43.34482764876085
119.03186750089938,-34.16102092375908
131.423697934561,-14.908285653238154
48.36598711558513,-14.187638317245163
125.30461511249626,-27.52386194195365
103.30974212683161,42.06477406155372
73.56957038747102,41.1331833357641
129.6402483533355,-19.93227881624919
121.71663329629312,-31.796541144887954
49.31023067603775,-17.34063761019485
127.22062614769405,-24.738706713829323
133.52176832343298,-3.228540265812883
99.09148105439844,43.04071402424941
69.73118171109711,39.68937679794841
130.89112064779027,-16.87327278381928
124.09831278653421,-29.24846207815196
76.01140174213018,41.9866493379852
128.87085864236076,-21.830571027986664
120.20355732489702,-33.36800433148765
131.9134988661419,-13.738055634922114
48.57475302469196,-15.43510684159618
126.18916923587463,-26.541711029457538
101.77449438888657,42.598324135351604
130.27034780056704,-18.818797824240864
122.77639389355095,-30.92228176903319
78.55840136560789,42.71815478576307
128.0039159752707,-23.699050427161197
133.72857427639636,-1.9790451775752327
97.4610402022115,43.44575815781215
131.43312013881172,-15.720899796638761
125.04902679211439,-28.302644748641235
104.39330575997198,42.02119063589125
74.3836567075927,41.661251995475276
129.55798621065085,-20.741102452048782
121.33434045369488,-32.53942360679148
132.37157023142848,-12.552811402045638
48.816937062438456,-16.68030175082244
127.03518114601259,-25.53328642504744
100.19365129354291,43.08503723449502
130.86631137160015,-17.686505927154485
123.7955170389956,-30.016209473521407
76.8826411603114,42.47339387845496
128.75027264851036,-22.63619585269841
95.79354132501722,43.79990757797121
131.9425047915404,-14.552147442063637
48.11396935701117,-14.754649184888496
125.96014862810951,-27.328535018282953
102.87139447409514,42.586392796680734
72.78015822827983,41.28391223009297
130.20987622339788,-19.63124714016273
122.42394669446536,-31.676725952406958
49.09332214985363,-17.922368010301113
127.84309744666498,-24.499822619747505
133.9334071992194,-2.76878287814935
98.56987843586197,43.52307106337403
131.428672049816,-16.536395831959037
124.77411726567294,-29.079708240689648
105.47765224109911,41.953849532268784
75.22548143018194,42.17492586907152
129.46023142245338,-21.551281627260952
120.92976381616099,-33.278116223823794
132.41975841215412,-13.367931593373703
48.33665786816788,-16.008639300807783
126.83204224147907,-26.32743021384079
101.30166594208124,43.105473854007656
130.827084444545,-18.502051553478505
123.47228783506564,-30.78134632108792
128.6134226929514,-23.442520627640654
134.12828578693868,-1.5086007809842434
96.90629994600485,43.91067782446442
131.95795721710218,-15.369430009533538
125.71243622360687,-28.114136811420938
103.97084344918085,42.550527993317
73.59104108185836,41.82352976965107
130.1343548156146,-20.445412317858136
122.0498934650141,-32.42759460411524
132.86534561082468,-12.169141479147923
48.59310506446133,-17.25999616827436
127.66515249393863,-25.300595520131324
134.1262500187298,-3.5645810546416548
99.68654802647636,43.5765122692362
131.41017112849002,-17.354529786174737
124.47943606385887,-29.85470076254594
76.09511285049845,42.67352860609764
129.34670588094065,-22.362546847121028
132.45468220387173,-14.186541680911919
47.869358051043754,-15.325959676922372
126.61082353500058,-27.120824651178744
102.41410902590907,43.10186513617766
71.98314110721334,41.420146376480695
130.77322225819046,-19.319658405229355
123.12813537526765,-31.543493381227734
48.88413236994818,-18.507858331926275
128.45998942535834,-24.24926194568383
98.02894032855049,43.997668691448446
131.95969328143178,-16.189664280164443
125.44560285023162,-28.898180864287784
105.07144600880238,42.49066481745383
74.43010119496589,42.34896810001854
130.04352815373738,-21.26103245289634
121.65371002806194,-33.1744773842128
132.91934455953134,-12.98863598345835
48.10604286111711,-16.586251046520385
127.46971873586266,-26.101068797581625
100.80962490470607,43.60586657986388
131.37742080828622,-18.175056627552184
124.16451202382413,-30.62726112962236
129.21711378169027,-23.174624946945137
96.33221643173364,44.36720922712885
132.47619778051177,-15.008406777278138
126.3711186338222,-27.913149223677866
134.20013960878944,-6.431176086657971
103.52954995903222,43.074092390989264
72.7901797715272,41.971389846245714
130.70449170033618,-20.139073246020818
122.76254983043772,-32.302260227776245
133.35241896753237,-11.77659129035498
48.37684184149375,-17.843551025256225
128.28963445231702,-25.05613150363911
134.53623256039694,-3.1011540589939792
99.16004779935768,44.06060722777299
131.94753686885227,-17.012610634112512
125.1591983220933,-29.680323007384935
106.17181198761064,42.40677787688047
129.93712382783232,-22.077843629789683
94.60021423571435,44.6835290844831
132.96021527464694,-13.811679466377624
47.63209395519654,-15.9014441262634
127.256413586606,-26.90093587012207
101.93765799864858,43.61095890693865
71.17909611911934,41.54183075578441
131.33020979665918,-18.997729901349654
123.82885308071344,-31.39701789431467
48.68261644361975,-19.096991166198833
129.07114089388696,-23.987238595731633
97.46852472328621,44.46425479010599
132.4841488319361,-15.833291897193163
126.11250009719122,-28.70407568356432
104.6465520894053,43.02207746282447
73.62581558596919,42.508680888878985
130.6206434296521,-20.96004045033455
122.37500147323804,-33.05724447412876
133.41225478686994,-12.60037629565042
47.88285438950682,-17.167820376528166
128.1019996308486,-25.862835548442046
134.7222829356557,-3.906331733374156
100.29816775812868,44.099260018058686
131.92129792506762,-17.83802855033963
124.85275105865303,-30.460209737595815
129.8148516999091,-22.895578459904705
95.73869096064972,44.81509410315425
132.9878205707095,-14.638040835569821
47.171207069644005,-15.205882352115967
127.02483361453467,-27.699883288626243
134.63263926373236,-5.986010715731838
103.06917786949427,43.59165518462631
71.98164878074648,42.10476153001865
131.2683113584514,-19.822301349149676
123.47194615611075,-32.16358858655228
48.168100192302845,-18.43084833069177
128.90845382161186,-24.80010577807551
98.61397910412806,44.53707082935844
132.47836589647767,-16.660961642763546
125.83451891984683,-29.49326737036089
105.7636813538284,42.945782902993955
74.49021462996483,43.03133259893482
130.52141113349865,-21.782301572931836
93.97465501295692,45.111551583775416
121.96494095786143,-33.80803097939317
133.4590956941036,-13.427768118445888
47.402121770836764,-16.480980153364385
127.89670636553949,-26.66907429656579
101.44181412213113,44.11343455176865
70.36861272586232,41.64891955687664
131.88077175506737,-18.665676251681038
124.52576777455262,-31.237477481594496
48.48873440681559,-19.689651960799534
129.67640314920132,-23.713965596386114
96.88849995242771,44.92257062915039
133.00201088931496,-15.467489044442837
126.77455392261568,-28.49759009233481
104.20270565349179,43.54786297654513
131.1914825818249,-20.64852050659564
92.18096954474002,45.352219058629224
123.09325716154305,-32.926578929713536
133.89849248380887,-12.203356108501705
47.66704310068369,-17.753228693176027
128.728699260531,-25.612939249077392
135.13079335228775,-3.4392903378442927
99.76709518380427,44.58540461961473
132.4586656762602,-17.49117987362166
125.5367040638115,-30.2803785033877
106.87951490552483,42.84521183396051
130.40651076886292,-22.60559489675292
95.12563931426953,45.25406821402168
133.49281131921626,-14.258539326673871
46.93458584497935,-15.783339445921799
127.67335491403101,-27.47454132540567
102.58947828691834,44.10298029262858
131.82573830188144,-19.495310332517775
124.17773325517848,-32.01175183146558
47.96683751006919,-19.021773012864863
129.52145030559026,-24.5327292247533
98.04817863435737,45.0056448573107
133.00262363427632,-16.299792783853196
126.5051275583612,-29.293727134793333
105.33676216853706,43.47953176335756
131.09946362393052,-21.4761342839088
93.32978618360512,45.530027068670414
122.69223113765942,-33.6855820332155
133.9513214521281,-13.035011208497245
47.17939014812604,-17.064448530706542
128.5315032523939,-26.42544596248485
135.31017945848697,-4.253603504939661
100.92635219599794,44.60904510154825
132.42485033357283,-18.323709361045523
125.21856205057205,-31.065053444607795
48.3024512405798,-20.285728888755276
107.99264957846977,42.720407508006836
130.27563978672995,-23.429654957992323
96.28874675115912,45.372351066057846
133.51325903910535,-15.09246267656655
127.43152370671719,-28.278922935400484
103.7396384651753,44.06778942858887
71.99283555893018,42.784781011047116
131.7559614049587,-20.326685367979547
91.50577348386147,45.74908956819344
123.80811023544409,-32.78264675275249
47.45856391487733,-18.342360374041736
129.3496452730265,-25.35158852777177
99.21621385885082,45.06404362937725
132.98948248796418,-17.134720161942603
126.21608496275293,-30.087956379320744
106.46987703920063,43.38665290577533
130.9919769374362,-22.304886523779665
94.49299393124058,45.683861647489806
133.99116245093555,-13.870105810051555
46.705076201120136,-16.364819294851888
128.31647044152527,-27.237326470423092
102.09020227104955,44.60782411955994
132.37670676668375,-19.158311425085174
124.87957662772658,-31.846925931591826
47.773015800868805,-19.616212790328344
109.10171005983901,42.57145256776554
130.12847634066475,-24.2542120469638
135.72610010561857,-1.6690253335144543
97.4624932884677,45.46606429628224
133.52028331586817,-15.929310814053759
127.170768687747,-29.081897481705635
104.89076925436642,44.00779728832915
131.6711880371447,-21.159553503509283
92.66559882906756,45.938683402215275
123.41633940022078,-33.54976376720991
134.4368965490221,-12.633608583198791
46.96385170094751,-17.651733055453327
129.16061934550336,-26.170257123154336
135.71738884145105,-3.7830019557242522
100.39105077460954,45.097536167762996
132.9623967080613,-17.972038366954447
125.90693346929287,-30.879930163271972
48.123736899767444,-20.885112721900022
107.60059769346884,43.26925928384729
130.86872647720352,-23.13451753695706
95.66916041833181,45.81332478370719
134.01787995898397,-14.708416337427492
128.08318333838565,-28.04827429333921
103.2570801676281,44.581617329559
132.31400586361298,-19.994745553625226
124.51920852639176,-32.625618280681806
47.2573760458531,-18.935102644999375
129.9646784809178,-25.078991683298135
98.64533837711205,45.53491316238502
133.51371501634642,-16.768855961877332
126.8906226860553,-29.88313467406158
106.04135127694431,43.92298241657128
131.57114751947773,-21.99366402352591
93.84070616907488,46.104199162510255
134.48287278385607,-13.472940275378097
46.48262860823534,-16.950205087474927
128.95398221894726,-26.988442472610732
101.57110239212962,45.105935496481536
132.92116040245642,-18.811513313783394
125.57715686625707,-31.669290430560668
47.58660171312381,-20.214058047517714
108.72749808830362,43.12742461943795
130.72939688752425,-23.96476361383453
136.10956198866924,-1.1782691764517317
96.85678228656275,45.9180575054729
134.0313256720438,-15.549719256095898
127.83120159645657,-28.85797525880718
104.42541330884093,44.53034475893475
132.23650173255174,-20.832769002214416
91.98210711369299,46.337244182891006
134.91583070433242,-12.223756392180228
46.7554630298958,-18.242720424703688
129.7838833361561,-25.9037140636872
136.11804844297626,-3.3055040791656123
99.83569398361418,45.57864596013104
133.4933707108541,-17.61086959157504
126.59059482545518,-30.682294845379932
47.95256635486615,-21.487696711086038
107.18988073468121,43.813366306981756
131.45555071331705,-22.82876289782757
95.02965308076975,46.24521456940311
134.51586710878948,-14.31555015920429
46.01481335427189,-16.238085327569518
128.72932120333806,-27.8058452607438
102.75475970006555,45.08909952215141
132.86555178063657,-19.652909272910566
125.22621503740369,-32.45566793216891
47.063443031297005,-19.531345457996512
109.84918702913815,42.96126249459937
130.57365267070873,-24.795356510529377
98.05429329474877,45.99774231339452
134.03133782683608,-16.39379076811377
127.5600613100594,-29.66610680789189
105.59363195040167,44.453971009472234
132.14393090782184,-21.67213637339329
93.16874863860836,46.514800581078454
134.9679472274571,-13.067239155815413
46.267197228544234,-17.53938295802781
129.58570628458816,-26.728093482210554
136.29630405559777,-4.132106764835933
101.03193442296919,45.597055642759564
133.45905194907556,-18.455122079387092
126.2701699886432,-31.479028184447603
47.40756657885123,-20.815201717196892
108.33487872130665,43.679012797986275
131.32408918967093,-23.66459230428398
96.23091940739512,46.361346430876154
134.53573861177725,-15.16121838376365
128.48620044047047,-28.62215874228911
103.94040216803099,45.046931754191604
132.79533237999777,-20.495988480559955
91.27935059582448,46.72542925097345
46.55418475382252,-18.83730011544104
130.40113733838604,-25.626022907873747
136.51221536568465,-2.82127793629213
99.26007346944078,46.05210533407318
134.01774050345492,-17.240406492859215
127.26927434227585,-30.47233726785391
47.78891964475574,-22.093376467722617
106.76017931819871,44.35250509769738
132.03601153064685,-22.512599173870232
94.37015605195825,46.66773763971984
135.00722041864262,-13.914060862487569
45.79248989475027,-16.825401735303792
129.36974012033107,-27.551837717608585
102.23240684417331,45.58998109171497
133.41054451120166,-19.301382345036217
125.92880834552072,-32.27297393718172
46.87673277385821,-20.1309813760016
109.47490014495594,43.52002714316544
131.17643437601623,-24.500890126275767
97.44291531245443,46.45225330217421
134.54233306684165,-16.009724994122873
128.22416013404006,-29.43706805621713
105.12640845931108,44.979381650243155
132.7102462656638,-21.34051072880821
92.47711759601131,46.915381230634544
135.4463964819163,-12.653195339374648
46.058739949270674,-18.13224186854381
130.2114725475497,-26.456483841669094
136.69589552511934,-3.651194695843167
100.47245916924828,46.080918154037676
133.99034290418984,-18.089341131903367
126.95832769391913,-31.276325090102105
47.23588646465529,-21.41953916427706
107.92352153974035,44.22599993738647
131.912442503424,-23.353905349759188
95.58479533920419,46.79564686141622
135.03351690060006,-14.764005208595615
129.1355542165657,-28.374647391233903
103.43544219736854,45.557308013760895
133.34761763247636,-20.149417472227153
46.359981550840935,-19.435364271679845
110.60854212359416,43.33655477383879
131.0122366814065,-25.337389423250574
136.89994833093806,-2.3304876112393234
98.6639904962862,46.51763787042629
134.53548224173812,-16.860849620656342
127.94271580020606,-30.25024950526859
47.63278194129556,-22.70204984873704
106.31116717031973,44.88644458024641
132.6100192026101,-22.186232934274056
93.69062227267044,47.08060601530458
135.49194597739023,-13.504141755177203
45.57701225310644,-17.416485055186367
130.00425722417341,-27.28645410249617
136.86781107525965,-4.486429719612947
101.68975391888085,46.083999297129836
133.94893860603867,-18.940368118733808
126.62668292653623,-32.0777180524738
46.69721759013054,-20.733905457624232
109.08215720866332,44.07455147402634
131.77290261919882,-24.195798794098636
96.81105558197157,46.89816166088721
135.04669013495428,-15.616855945227217
128.88269369349806,-29.196215290010937
104.6393664962287,45.49896944673333
133.27002319946192,-20.998992309604205
91.76583538968674,47.305652439512116
135.9182367381925,-12.230998184062935
45.8572184239149,-18.72867349818071
130.8311246012682,-26.17381787268333
137.08906793745828,-3.163643911253749
99.89244445488606,46.55724901847109
134.51500318122504,-17.71437115333322
127.64135754847436,-31.06136979958178
47.07154223332805,-22.02696807314546
107.49308741279272,44.76816141021568
132.49435779914867,-23.03290868390647
94.91832013493075,47.22066873355225
135.52466183877357,-14.35827346578267
45.10889719876444,-16.69033834462142
129.77906667815415,-28.11564160332716
102.91023982987039,46.06121531667495
133.89330478629176,-19.793259247822103
46.17282220621453,-20.036807591261525
110.23462642996574,43.89829748819368
131.6170496641078,-25.03801883059947
137.2813075141625,-1.8332933022547362
98.04725818108963,46.974959994037576
135.04657973660156,-16.4723965758935
128.61067859736303,-30.016225654396326
47.484143627096095,-23.313616847425173
105.8425121796908,45.414945864012104
133.1774949164981,-21.849869050795245
92.99102883368003,47.48352694845573
135.97005572144735,-13.085982735854097
45.36833925223769,-18.011226458127922
130.6327038039975,-27.009897181652686
137.2664758444661,-4.002152927427003
101.12653762841815,46.57088352706188
134.48069746362864,-18.570067399951803
127.31954940468492,-31.870085263201148
46.52487427073679,-21.340015149601168
108.67060905970489,44.62461771431176
132.3629486211429,-23.880287756283412
96.15858214534391,47.335176466434405
135.54440534922526,-15.215377791544597
129.5354517144297,-28.94374671315767
104.13218941482435,46.01248148011847
133.8232014173396,-20.647784287610225
91.03495293279981,47.685322089039964
45.66259811940753,-19.32857213215233
111.37951920967798,43.697416090705154
131.44451949543856,-25.880299667644724
137.47587987445232,-2.6696154610186804
99.2916672556529,47.02576666808144
135.03301076313682,-17.33041003977731
128.3190030993454,-30.83435342950339
46.91451961736975,-22.637388341018205
107.04322937391501,45.30526487595707
133.069747441043,-22.70180679205878
94.23142577505928,47.63611648739326
44.89323161168732,-17.283334703919394
130.41655620231634,-27.845342466180615
137.43217018393727,-4.845802410649799
102.36450325846586,46.55838738102823
134.4323504284418,-19.427714727200414
45.992679670158125,-20.641527220591044
109.84221248648677,44.45594263104947
132.21545727670335,-24.728115616725223
97.40970387799074,47.42378113404207
135.55102411283542,-16.07524197029144
129.27293774639293,-29.770461554868408
47.34300038347337,-23.927979482803824
105.35387758618096,45.93776203239931
133.738370430292,-21.50371057168438
92.27137955399043,47.87620340797547
136.44156712611078,-12.65977029936525
45.16643324752945,-18.609519768120965
131.25492509599766,-26.722369822373544
126.47900230579323,33.436930768227846
137.6587888791715,-3.511324438108863
100.5425010676261,47.05035528657119
135.00579297687804,-18.19067837950576
128.00713472498137,-31.650263477913974
46.35968414890378,-21.94921017968305
108.2398968582091,45.17000053489834
132.94647548684605,-23.554561065936014
95.48538249858288,47.763000622970814
130.18223901334053,-28.679861596429795
103.60455974984748,46.519656652599416
134.36973037276894,-20.287087683311892
90.2845521930531,48.05409522412928
45.47484837203999,-19.931834558650245
111.00642765475685,44.26230738614259
132.05152747157985,-25.576132884420815
137.85639144944645,-2.1692666379396277
98.6699159954629,47.48618206785612
135.5443513514305,-16.937652850541525
128.99102391920974,-30.595469265545123
46.76480930156211,-23.250701969870615
106.57359362475034,45.83707003300198
133.63853484519797,-22.360802568404058
93.52406881462878,48.04168947963691
44.68420703454479,-17.879965147291454
131.0478556070935,-27.563951512631657
137.83003994157482,-4.358209448081651
101.79794428850013,47.048549789476525
134.9647200770423,-19.052982392348596
45.81953112307033,-21.24942264979706
109.43093255097433,45.009272257325485
132.8073528942253,-24.407883349195245
96.75117170731947,47.86380393135232
136.04881346575527,-15.669577394343454
129.92928381248564,-29.513154505819514
47.20935329258719,-24.54504169558804
104.84492331597211,46.4546379436968
134.29258771452314,-21.147958600962788
91.53170760885583,48.25833462364799
44.97126018125301,-19.211261360996524
131.87078003602215,-26.42407476966101
138.04480886966704,-3.0141024539422303
99.93739589889704,47.52212821708399
135.5242051738044,-17.802396568344964
128.68918225237343,-31.418443217538446
46.2016331786703,-22.561392452443947
107.78965290433706,45.71046677052262
133.52339786651774,-23.218821427096767
94.79136626862835,48.18133119939586
44.21579178973856,-17.14021675631434
130.82287534321992,-28.404760014778923
137.98963089484582,-5.210062643279603
103.05616089613486,47.02022555628651
134.90956889967018,-19.91710126363035
89.51474867316938,48.4116747246143
45.293942449818154,-20.538359966189223
110.61480333874786,44.823243387033855
132.65203166711922,-25.261520543239488
98.02699300372699,47.93819884832041
136.04901801340654,-16.53629176177371
129.65719558789525,-30.344912461841314
46.62240701843148,-23.866812965175857
106.08382067713096,46.36332837827072
134.20065412041043,-22.010097178948612
92.79623311184757,48.4370824561252
44.481786228144394,-18.480125587561854
131.6728119245548,-27.271670479175143
138.221619409843,-3.8641494116614767
101.21028036721228,47.53141994322852
135.4903878143402,-18.669258208474123
45.653358049290624,-21.86039561088089
109.0004081668156,45.55806076731283
133.3926419426741,-24.077524499097095
96.07152522113789,48.29472449862229
130.57952279259098,-29.24450298528573
104.31530747156643,46.96531004837841
134.84009858295784,-20.782812181026745
90.77207818345862,48.629616693537
44.78278964251631,-19.8163500638744
132.48014097721517,-26.115214424750956
138.42459610086277,-2.5106415339843715
99.31098470269656,47.98590815544127
136.03592185537863,-17.4054147379719
129.36545180238213,-31.174817298242385
137.9774957323376,-8.26765489168076
46.05071202407521,-23.176465950334013
107.31950157932691,46.245775145344496
134.09364159690134,-22.873270041043092
94.07646800162169,48.589859825361515
131.45719519091318,-28.118642587475037
138.3868283254436,-4.719201117976394
102.48667896852642,47.51391036488166
135.44268483849757,-19.53802144847643
88.72569385245001,48.7577620386108
45.11985762228404,-21.148049843982935
110.20426015674973,45.380006395012586
133.24592778884173,-24.936664831785976
97.3627171294306,48.38151348714647
136.54701083012085,-16.126516022156757
130.31730960893606,-30.082879744008853
46.487313653834136,-24.48562723402151
105.57354664275107,46.883782978608885
134.7560496957467,-21.64988992829336
92.04793261721653,48.82198608807187
44.2859353284109,-19.083714434629023
132.29128613500103,-26.968701066213118
138.60696761079708,-3.3637778267784237
100.60123679504349,48.00670705020195
136.00933591565916,-18.276735550852987
45.49414632079555,-22.474349981510507
108.55025090733591,46.102074602969076
133.97124154260226,-23.737240270321433
95.37065021040664,48.7162327362053
131.22347594134843,-28.96470637202929
138.54043287025638,-5.579054052937901
103.76468800015206,47.46950622390305
135.38086431260203,-20.408468184283706
89.99259112420775,48.989743256388905
41.306177517059936,3.792248953085146
44.60099493367796,-20.424687057663498
111.39966744523598,45.17650212925252
133.0828933725427,-25.795990633660324
138.79821228357494,-2.0010926698415767
98.66304350088195,48.44139323776193
136.5409382331896,-16.999922863540007
130.0357196014423,-30.91958051702019
138.39829714644898,-7.793393050423031
45.90691615745243,-23.79433663449291
106.82906043216857,46.77567600320968
134.65714332716325,-22.51810645655352
93.34065004539518,48.98827315056403
132.08504753140247,-27.82171021989983
138.7777914128154,-4.221954872658371
101.89580484099402,48.0004247556604
135.96905465686712,-19.15004222364741
87.91757756926941,49.09205797844894
44.95257523915997,-21.76080788805088
109.77440017934111,45.9323709624263
133.83312376071117,-24.601766917097844
96.67692652095289,48.815815543405954
137.03833654504416,-15.708511916208044
130.9711732706474,-29.80956911002362
41.02063792392693,-1.166783999166707
138.68242180272753,-6.443507382663438
46.359535364173894,-25.107052485150664
105.04240469505353,47.398168254408866
135.30467593542835,-21.280378135948187
91.27921419794964,49.19608757523158
132.9031528621202,-26.65524470833857
127.21367717505105,34.78464696184333
138.98614521123142,-2.8572466835344397
99.9705491213163,48.47411215312858
136.52155447722342,-17.87560513466171
40.93533020332129,1.0580327070241937
45.34188628818694,-23.091191686887125
108.08006325349524,46.64107194457299
134.5430801347146,-23.387230433202117
94.64845763095954,49.12801271044296
131.86097954937154,-28.67396466872952
138.93707232227894,-5.084970601626752
103.1927245407996,47.96694563446475
135.91485525667565,-20.025121211695005
89.19338357259299,49.33840623056876
40.9242012015412,3.287239890710862
44.42585314451933,-21.036175785355752
110.9903382309485,45.7368545804067
133.67893543057966,-25.466604478493462
97.99336446574188,48.888274051674436
137.0392565669573,-16.58610807517434
130.69977818656457,-30.65292933441469
40.79287752808309,-0.3185599734250106
45.770245968162996,-24.414912347630356
106.31794142321105,47.299911046975076
135.21385012914962,-22.153528431946317
92.58390550446248,49.37625337149376
132.70629553877734,-27.514163855284842
139.1625797121865,-3.718476919689626
101.28323638566125,48.479473864169705
136.4886630678763,-18.75335505730593
87.09063030926248,49.41426357920396
40.736099331391024,1.914502436256459
44.792080815286425,-22.376539905430135
109.32481432373072,46.480103561750795
134.41353935088944,-24.257026762159715
95.9694815530442,49.24078795151046
131.61860945093233,-29.525179537376573
40.67894662908605,-1.700604654077794
139.0848067472629,-5.952625749902256
104.49002670549427,47.90620978277896
135.84649674492033,-20.901757020092287
90.49016048525202,49.55907131821149
40.75351074263031,4.15093277302826
112.19652092260901,45.51575989424032
133.50830003782792,-26.331502347515883
127.17272798736803,35.41613235803684
139.35921435091703,-2.344704501884587
99.31796574093363,48.93332820096801
137.0270410422956,-17.466054955465594
130.40875252995676,-31.494476046961154
40.576633555581395,0.5353208358235478
138.93146240095408,-8.185424151851333
45.19657288280393,-23.710828608198174
107.58943961652487,47.17480241171465
135.10809708733865,-23.027693170356642
93.90488664678583,49.52974309771177
132.49188467361412,-28.37247823491505
139.32752821861976,-4.584582637498766
102.59908047360759,48.45733861761468
136.4420504539247,-19.632963495483423
88.37463253748778,49.6752966207477
40.54833530672643,2.776184312162519
44.25734523176344,-21.65072185843557
110.56162927404246,46.29295189549059
134.26817774439434,-25.12725607938473
97.30175880051112,49.32623384452208
131.35743624335416,-30.375061562907284
40.445681453482344,-0.8496530691254383
130.3550118107528,31.83217035926601
139.22098220365564,-6.824723668598607
45.640706883546095,-25.03810272163824
105.78575233636404,47.81821309129049
135.76371909869644,-21.77973180065961
91.80626125848143,49.753478828548545
113.39147973509715,45.269363041339865
133.3208162629834,-27.19620422939612
128.00453312285273,34.862440482415124
139.5412544626528,-3.208916829708851
100.64868091660955,48.950754277967135
137.00150264557968,-18.348148827712865
86.2451253604392,49.724081018521986
40.37185970536056,1.394651292111035
44.63836412550924,-22.995153725105407
108.85508315568745,47.02296225497523
134.98710577786503,-23.90264295507791
95.24026790390181,49.65610737860183
132.2594563719994,-29.229910695635947
40.3431859036951,-2.2397761835933214
139.4809948381356,-5.455366022537645
103.91604507921527,48.40762412159678
136.38148517181892,-20.514219586064723
89.68089270240282,49.91061966253203
40.37201407504482,3.6428772120534707
111.78889076975639,46.07984422290366
134.10662853666568,-25.99767421709106
127.12115162202895,36.048293458591196
98.64325068211832,49.384040171643484
137.52580023024208,-17.048270231466706
131.07692953058518,-31.223308322165643
40.223916950718376,0.006987400466371642
139.34557682503385,-7.701070126105406
45.05820572738278,-24.333170490091653
107.07796751775079,47.70300677261194
135.6662422928192,-22.65882492655797
93.13990776950318,49.92109769927839
133.11605682925594,-28.060447522793577
139.71186083054326,-4.078040808459201
101.98342517875321,48.9403866039367
136.96243723377256,-19.232184813681148
87.5365573842397,50.00010539232061
40.17851672648424,2.2592278688335923
44.09545610742328,-22.268232970114642
110.1131109763033,46.84456099488305
134.85054289874134,-24.778144405107927
96.5880597989306,49.75494879148473
132.00851838870054,-30.086176060266197
40.104405173393815,-1.3861638645996304
130.37644814123504,32.46655975077175
139.62297488095732,-6.330631997553418
105.23209838349779,48.330305830430135
136.30671694755955,-21.396910347995796
91.00778100515544,50.11962467746361
113.00505798204551,45.84105166390752
133.92850027225333,-26.868031636163735
127.9672270816753,35.496123262883316
139.9138784125649,-2.693420794671632
99.99185784161712,49.413954075691215
137.50757344253282,-17.93460975332939
85.38138081104513,50.02121459612473
40.013599153585496,0.8691102953278621
44.4914193070482,-23.61655910803879
108.36477783416566,47.56069636665724
135.55376530312577,-23.53881254274158
94.48919976582685,50.0614446512391
132.89356731085047,-28.92396266334885
40.01328925962416,-2.784166988609582
139.8710453096412,-4.951879953649933
103.32009480062231,48.9021186603734
136.90962300108913,-20.11795652726901
88.85157345363388,50.25041371539499
39.99657287197757,3.128850475976481
43.567675378030614,-21.530404258328335
111.36182867839102,46.639817550431836
134.69805178524382,-25.65395963475261
127.05877378130981,36.68102898361468
97.9461865973963,49.82592525005847
138.01784336769927,-16.622433355078783
131.73854891849854,-30.940980369200783
39.877114420371456,-0.5268306991254621
131.12169876105486,31.847732656386324
139.7534543826683,-7.210188027393285
44.9267892568218,-24.95812884984407
106.54522895000034,48.22541666269594
136.21747575246644,-22.280820270280362
92.35352606858294,50.301746031255185
114.20867478974967,45.5768864871087
133.7333756430355,-27.738072824052736
140.0901321420734,-3.5654924085385216
101.34543651218344,49.41578207598871
137.47601082253667,-18.822972407652433
86.67942219951992,50.31252441294174
39.81468110871749,1.7365128855684553
43.940174733619,-22.88861880772119
109.64434204282176,47.39144024630949
135.42596506024879,-24.41946709028314
95.85212607229647,50.174088330105235
132.65286490434883,-29.786472426656097
39.76898212939626,-1.927959734223011
140.01881104664608,-5.830240640924535
104.65658401388717,48.835903626621736
136.8428195898464,-21.00525569642153
90.1885683102826,50.474363636973614
112.59961895679669,46.40899694694481
134.5292512669873,-26.529845702479594
127.91951020773124,36.13054743118652
99.312501535448,49.86875291593043
138.0068826085963,-17.512921332850052
84.49976133781757,50.30537176935437
39.66125193947724,0.33801741381340855
139.87240961961064,-8.093843917964648
44.35124497082318,-24.240667659014996
107.85346122625688,48.09304615999063
136.11347081007847,-23.16573087663862
93.7162231686492,50.456465256623055
133.52081026678303,-28.607535655572683
39.689190072653524,-3.333648634339821
140.25501931520265,-4.442315969599074
102.70181569820409,49.38939150402264
137.43090035020737,-19.713156129651775
88.00240943363603,50.578134235932936
39.62712332020968,2.6089959975905246
43.404288974500346,-22.149692212273507
110.9148847501072,47.195447659097134
135.28249535169533,-25.300556802451897
126.98540719719693,37.31423666102105
97.22657795138248,50.258653068350526
132.3934371656354,-30.647691189596923
39.536159401117665,-1.0659997853520389
131.1464363875998,32.484108848325256
140.15515201583355,-6.71293191126364
105.99080193477036,48.741754317485864
136.76176715420098,-21.893871764349978
91.54578443552089,50.671353992770534
113.82495070822029,46.15240758726616
134.34373447408055,-27.405554025971586
128.76096837435463,35.562830711983324
140.46240567331142,-3.04708143639328
100.68480351566477,49.88320857072457
137.98277394993195,-18.405510910149147
85.80353798824021,50.61224745908374
39.45676301057066,1.2081784254479453
43.79149422526108,-23.511790967001648
109.1548703485963,47.93333910657749
135.9943895514316,-24.05142026490304
95.09384492783985,50.58331556729425
133.29033142141884,-29.47615071389166
39.43934545970461,-2.4749112108460967
140.40855095552126,-5.323699187428285
104.05881494050507,49.33471132465521
137.37201172628764,-20.604957196800672
89.34876962686289,50.8173668148803
112.17470788998345,46.97297634547446
135.12298567048225,-26.181845169965843
127.86120927328413,36.765614314126864
98.61036443374003,50.31482218303801
138.49944401361049,-17.083264292184438
132.11474071985467,-31.507324142918367
39.314751557763586,-0.19849259619046009
140.28005254822227,-7.599765273891205
44.21784432340374,-24.86739274278629
107.32068919833318,48.61974252318749
136.66618537363402,-22.783591468305186
92.92131940370774,50.840829922319344
115.03638671158191,45.87039824279922
134.14106759205333,-28.280829760773294
39.370821688068546,-3.8880957750860974
140.63297974108121,-3.9268192207483126
102.06085495319392,49.86913139270563
137.94531526347112,-19.300004187314027
87.13365401398666,50.89346259829433
39.26360033190869,2.083453963809817
110.44759597320919,47.746493642208634
135.85989651610222,-24.937662619052272
126.9008511002511,37.94781304164966
96.48425439468184,50.68188601508448
133.04143673733012,-30.34364056885331
39.2009848598238,-1.6103893323910081
131.16230685195174,33.121897804649755
140.55072901017596,-6.209452561524754
105.4142622887659,49.25173232513326
137.2990954464826,-21.498169843107153
90.7167668675952,51.02958461584736
113.42220082746138,46.72432978639219
134.9470400079359,-27.0630903747485
128.717319125613,36.19953145747796
100.00122936502751,50.34234073263778
138.4827364586729,-17.979982280922886
84.9092646699959,50.8989712849141
39.10469604636198,0.6743603513388848
140.39348685134505,-8.490554501904112
108.64423396514245,48.4699977682143
136.55577241308998,-23.674198393997273
94.3131358950351,50.98228776321435
133.9207885659495,-29.155411139764155
39.11542811138711,-3.0268919133292216
140.7922567952089,-4.811153972008466
103.43840041068938,49.826424095337174
137.89428642651603,-20.19620183106066
88.48857724035753,51.14830461336888
39.08172444719166,2.9636491558292617
111.72985489120401,47.53275891107479
135.7096321966023,-25.824227691615743
127.79213819222234,37.40122433714354
97.88522034235571,50.751825197029554
82.6845982974025,50.83360909403203
132.77359285132334,-31.209719009647927
38.97403086746753,-0.7402881227481876
140.6815458931827,-7.099389185248827
106.76601211315719,49.14050666649161
137.2118818244253,-22.392585851545583
92.10450851839302,51.214195279241736
114.65584896360966,46.44985413600325
134.75423559170497,-27.944044685113024
39.05811752122204,-4.447386083348888
141.0049910280163,-3.4055316359500742
101.3968698503488,50.34101766683359
138.45287330850246,-18.878683926288716
86.24560967308572,51.196081826089625
38.90593770115023,1.5523613735267219
109.95948698814645,48.292705519064825
136.43020382675383,-24.565472503591675
95.71907432628555,51.09527961823421
133.68240575485157,-30.029028770528882
38.87152341277037,-2.159871896565218
140.94024678819514,-5.699897531373935
104.8151856295326,49.755053400487625
137.82944840879213,-21.09390270159255
89.86660173096409,51.37609889934042
112.99995222760724,47.29243229880698
135.54321182398297,-26.710880254006735
128.66330639805878,36.83694035704845
99.29443455686295,50.79284442499821
138.97591491956595,-17.5465657466513
83.99701282775955,51.17239674929739
38.75841302848085,0.1351913899765564
140.8009840200289,-7.993324544570203
108.11196237713726,49.00114681050704
137.11007995934713,-23.2879941246178
93.50995436460299,51.370656898716945
115.87424076137951,46.14993489999511
134.5441215656793,-28.82445381551601
38.79716294706437,-3.5837784781815496
102.7949557232514,50.31072731683518
138.40964471248913,-19.77917412363661
87.60823211080888,51.46684771349536
38.718429159390375,2.435316406409766
111.26457546227736,48.088104883073804
136.28913140258305,-25.4571896350393
127.71209747526643,38.037276841031364
97.13686797057846,51.17941749265777
81.75202954007709,51.077129965562165
133.4253965391734,-30.901404887544473
38.639022218230906,-1.2872406315069278
106.18897654906905,49.655049835473726
137.75054230723092,-21.992903459102767
91.26585284495643,51.576214611697154
114.2562910715949,47.02585631641874
135.36022409286306,-27.597379512159
100.70953079260352,50.80472028143252
138.9535871775408,-18.44937593324589
85.33863022022274,51.48567769550609
38.55406825303838,1.015852098321633
140.90901533060025,-8.89107631139837
109.45007102403032,48.833823848576316
136.99337664679356,-24.18418022639684
94.93092861522958,51.498483009798896
134.31621761415175,-29.704056243445393
38.54770743879697,-2.7143230509017298
104.19314962532671,50.25141018955091
138.35282222204393,-20.68125619412212
88.99546497583681,51.71055672813895
38.542131272907916,3.323034825077147
112.55771542304856,47.856485850927356
136.13218194489986,-26.349120970318392
128.59874586308405,37.47496056711851
98.56416034801157,51.234376904304845
83.06724515984038,51.43222999493024
133.14920588436652,-31.772252555956246
38.41784610121399,-0.40919880430257394
107.55757790607589,49.52650686005319
137.6572883249895,-22.892998147843205
92.68429532659165,51.74807033017863
115.49738043522765,46.73341519487117
135.1602298245693,-28.48347848465448
38.484482846051165,-4.1454504894664135
102.12810501808976,50.78729649763362
138.91809514586816,-19.354056058462
86.70802655101267,51.77266813756018
38.360941220240434,1.9015006367362555
110.77837116045637,48.63876527328082
136.86143522681556,-25.08092589999887
96.36513466539023,51.597247176475975
80.8035370174895,51.30655825404005
134.07001253054602,-30.582582482073263
38.30965757019386,-1.8392246029164299
105.58912725770791,50.163073046431435
138.28215783967534,-21.584731504716476
90.40546053980486,51.92653869695696
113.83722251034136,47.598186143965926
135.95895599261513,-27.241032469976
99.99852458309685,51.25989987800887
139.4474762926339,-18.012258096789086
84.4131227614057,51.761939902587294
38.207923985348714,0.47405694311593083
108.91885102336302,49.36957934609299
137.54938469102214,-23.79397775577068
94.11974447398646,51.89113947672547
116.72184148817412,46.415531256525995
134.9427605676757,-29.368923340336256
38.229469186419365,-3.2736213157443035
103.54773651883016,50.74048510740005
138.8692210419765,-20.260413739033453
88.10358324378325,52.03261787828311
38.17898477740671,2.7919471993791825
112.0949847648963,48.41625224537608
136.71389436813217,-25.978008553474996
128.52343990526506,38.11349425604023
97.81017243172121,51.66658706750352
82.12047760407717,51.67818367372263
133.80496273313707,-31.45975430505028
38.08292686767166,-0.9586835895156087
132.7015558150802,33.12408943625208
106.98059735874689,50.04578826608969
138.19738301157125,-22.489399066785527
91.8361971710403,52.11417153666634
115.10152097069462,47.31358773218564
135.76902647101784,-28.132684271159434
101.43748434702896,51.25579724917732
139.41965341849877,-18.921027009164966
85.78830670444371,52.06544038692827
38.00919253781546,1.3623338333477637
110.27073042823876,49.18448144821189
137.4265065165267,-24.695629747604773
95.56988034604713,52.00495536718125
79.8397354030185,51.521634348365794
134.70731713599523,-30.253452692206036
37.98586860748252,-2.3961174652457147
131.9459744435529,34.41273209168043
104.96600938953935,50.66426684711585
138.80672787044767,-21.168254878129567
89.52348907589887,52.264816736960036
38.00816033708402,3.687005354604258
113.39813470276135,48.16661641881071
136.55036678458387,-26.875200713383457
99.26355797485789,51.706207922039674
83.46954937144326,52.02456328987696
37.86743620282428,-0.07289629659810726
108.36532097286123,49.89969250823208
138.0982075597312,-23.39505511129198
93.2854894531138,52.272887104443086
116.3491508179689,47.003113095891884
135.56193727553932,-29.023830046123056
102.87853593792674,51.22195021739825
139.37865657471443,-19.8315562372591
87.19123683080295,52.341943107020526
37.82159655641487,2.2554427707641276
111.61123898656028,48.97148391756414
137.2883045846352,-25.59773756894526
97.03226485678557,52.08911577764162
81.15728007633679,51.90997820901235
134.4533680850369,-31.136796844210043
37.753586509966716,-1.5131392715215428
132.71635856788848,33.76734106640117
106.38053393158661,50.55869079300858
138.73035843160596,-22.077383278165648
90.96574550857885,52.468600963173046
114.68615488778434,47.890236393749575
136.3704378812368,-27.77226944294268
100.72274503219973,51.71588531638571
139.91434195051562,-18.480263672930697
84.84947476635861,52.34484265143122
37.66311417458883,0.8179449780022046
109.74112960745886,49.72498471299319
137.98431854964645,-24.301492638504524
94.75100161545173,52.402176726722615
117.57877314072448,46.66722129935864
135.33720178669125,-29.914216317687305
37.66758684560776,-2.9577995332291906
104.31917100445256,51.15831111005452
139.32425984035083,-20.74365604993878
88.62014865358309,52.59069738270795
37.645089353388514,3.1531981558505966
112.93850129349472,48.73091092255104
137.13440406981653,-26.50008011889951
98.50436149827154,52.14328691252504
82.50842840813489,52.273249124525115
134.18034812913712,-32.01867698732557
37.532535644375734,-0.6248827727909223
107.78896747556598,50.42387324631555
138.63983426898622,-22.98760023130353
92.42817552022592,52.643359518340596
115.95749849024364,47.58753387229788
136.17366432774563,-28.668975721759338
102.18514800469127,51.69546715980319
139.88114765934233,-19.394861995199406
86.25876244802545,52.63819532579692
37.469897484081095,1.7136517408373717
111.10594190926905,49.52192348832594
137.8553790895109,-25.208500939910696
96.23026417376776,52.5015962763848
80.1782767956862,52.12734308611615
135.09430131500432,-30.80358172999577
37.42975590283194,-2.072445044922647
132.7225027363252,34.41191652005012
105.75689939081626,51.06490333676665
139.25621745442274,-21.657134864375784
90.07307697630712,52.81099696227354
37.479633139014524,4.05541769674172
114.25075512469911,48.46313644922387
136.9644031836239,-27.402431188460014
99.98355732889078,52.16720667240644
140.40218949492268,-18.03194001563435
83.89199088982197,52.61055808449026
37.32263648194075,0.2684601053799666
109.18903417279178,50.25999589657057
138.5348545514002,-23.898704085580956
93.90843601780975,52.78854008894372
117.2107441524712,47.25896959369041
135.9595725570668,-29.565073783901493
103.64816588304782,51.64487486622838
139.83476874892511,-20.3111149832355
87.69570547209645,52.903829851334706
37.2877313052031,2.6140391166815014
112.45777856493451,49.29082394724391
137.7110270571052,-26.115865089520586
97.72069355877468,52.57077067260613
81.53033543369496,52.507706420183915
134.83268347927782,-31.691656266444426
37.203152603253706,-1.181780528117561
133.48582085525325,33.752468463193544
107.18927157597484,50.941820537221425
139.1742627812225,-22.571798851536013
91.54786319389468,53.0021867270565
141.7157010064882,-12.946787064768694
115.5463608178962,48.16858036024436
136.77787174366995,-28.304558861650257
101.46718676929724,52.160687135204725
140.37671985637118,-18.950506659488514
85.3065557186726,52.92104085217672
37.12381757722116,1.1667013651133327
110.5785433418068,50.06730331125595
138.41509488524824,-24.810489784422103
95.40403378569579,52.903654691352
118.4446002285855,46.905039125257105
79.18414615423839,52.330018160074076
135.72765718825275,-30.46031041085626
37.111365720825425,-2.636482931205951
132.71986449605518,35.05773337418744
105.10920654742664,51.56410367243251
139.77497095677964,-21.228835492667397
89.15838297412223,53.14099683618799
37.11656965407327,3.5189256599926084
142.08533406312338,-11.535400943599681
113.79477518070459,49.03205407193741
137.55087374962648,-27.023365403703885
99.21961439308528,52.60939768698572
140.88323075087763,-17.576227224903807
82.91637473204464,52.86227613737099
134.55176051695176,-32.57816041687652
36.98768922724223,-0.28599764220257273
108.61390019719671,50.78922494651232
139.07810720965273,-23.487451518438622
93.04216642379724,53.16366919079727
141.7608443903892,-13.867123341342731
116.82380852133463,47.847704194437945
136.57434966306826,-29.206224876224447
102.95255667059803,52.12361618391144
140.33827672637995,-19.87080905746928
86.75048479870811,53.203865133874416
36.93601592548273,2.069656749183887
111.9554060138831,49.846099815863795
138.28020605268003,-25.72274837708153
96.91234479061731,52.988284730114216
80.53590369259241,52.727653292510475
135.47737937287877,-31.354424175674524
36.87921704044328,-1.7434704361472797
106.56571087594432,51.453222093660095
139.70149953951596,-22.147834391523986
90.64466568210837,53.34899607157347
142.1487413371998,-12.456205744254566
115.11519297790068,48.746030686902486
137.37450245471538,-27.930776861968603
100.72428396558053,52.617250954103554
140.865405044522,-18.498663160310915
84.33507336204444,53.190150735641936
36.78328612966383,0.6147160052594468
110.02848018688948,50.60734502249063
138.9674389819198,-24.403893264998477
94.55347849251875,53.294910644374674
141.79420229269218,-14.790101786185318
118.08172330920497,47.501006789312136
136.35334535806663,-30.10718394046188
104.43697206318915,52.05595823685827
140.2866373773351,-20.7926643291331
88.22191326950112,53.45823797945883
36.75917731793321,2.9771455520409855
142.50554314689,-11.035228673407968
113.3176493913316,49.59674584134298
138.12981267120864,-26.635266497359318
98.43063654809477,53.04208537792683
141.3575059874954,-17.113293667550764
81.92320658278074,53.09969394374884
135.2081650657108,-32.24714463436605
36.65820171378834,-0.8453079571752377
134.25224135366895,33.72586668954025
108.01517608805935,51.31237053435988
139.61407819265764,-23.067920156359495
92.15222548780507,53.52718351261002
142.20061018152484,-13.379878061296218
137.1814669364771,-28.837868491699414
102.23191835698985,52.59418210402266
140.83481261335533,-19.422913001500522
85.7848737874374,53.49045729063595
36.58987208401423,1.5201766699176067
111.43080710908508,50.396472397864514
138.8419219468469,-25.32092091306705
96.07914266488709,53.39544679494747
141.81565334629101,-15.715552272051852
119.3188682220515,47.12901980665243
79.52582409815896,52.93281833609341
136.11433407225147,-31.00718300234414
36.560658691409415,-2.309836141925139
133.4983036146554,35.04708702580424
105.91776196419595,51.9577540614769
140.2215590047048,-21.715887856479767
89.71875296664632,53.68341328253766
36.59325669786021,3.8889904289367623
142.57547128899188,-11.959234279229367
114.66342900998154,49.31965382553879
137.9635117704352,-27.547825807695805
99.95609310889441,53.06478915931947
141.3472410278202,-18.039501659698594
83.34483499971905,53.44520215016218
134.91940322155014,-33.138191460371196
36.44823183908268,0.057817184490576705
109.45517779288431,51.141759092795965
139.5124078983019,-23.988898447381573
93.67854918186809,53.6749779690817
142.24084382130715,-14.30624993871468
136.97128983530496,-29.744402708766074
103.73971959652299,52.540121957622034
140.79124227990462,-20.34879795773599
87.26397942233879,53.762359121056285
36.4073846234611,2.4302042821931
112.81879335446072,50.156958235106345
138.70119423299207,-26.23832720507248
97.61637585779174,53.464887753004994
141.82506067690977,-16.643304859148326
80.91312801756315,53.322517743540914
135.85675611655407,-31.90596046714177
36.33410289368304,-1.4093533092129342
107.39230461884208,51.82911967836933
140.14277766847994,-22.64029289739362
91.23870014324758,53.8786992309777
142.63399666611758,-12.886160218965717
115.99103847799438,49.0152837613361
137.78087128166888,-28.460202405509463
101.48584212074341,53.05620863830167
141.3244115507004,-18.967598832266443
84.79932396626847,53.763264828627165
36.24922792155173,0.9657216546937324
110.88339026442351,50.94166461978961
139.39616569709517,-24.91057165546462
95.22095631359419,53.79186734333322
142.2693309683886,-15.235154049981809
78.50084470401134,53.12294201157747
136.743460978023,-30.650134612160315
105.24490318235401,52.45508075196631
140.73446320064053,-21.27613774489578
88.77035578708069,54.00506364662071
36.23577038178524,3.344622254028399
114.1904819352168,49.88920907423417
138.54486683672715,-27.155900269429267
99.16229393503893,53.50292223180393
141.82227115174365,-17.57318951257114
82.33642451828767,53.68587984405909
135.58001502539048,-32.803245359173474
36.11858292638174,-0.5038763569302098
108.85805157646105,51.67024438797487
140.05000716329656,-23.565690176114636
92.77924763976843,54.04346554300658
142.6810322583756,-13.815841029773102
137.58142843644615,-29.37216618838096
103.01698332272932,53.016238133897346
141.28881792426643,-19.897410312004524
86.2849579462807,54.05300166289318
36.06111920021347,1.8782259153726346
112.29760454030965,50.71242710977311
139.2650033787553,-25.832738420440773
96.77662097829396,53.87741425372942
142.2859451398573,-16.16642343570647
79.88684204108873,53.53046433530035
136.49743559645077,-31.554811228369537
36.015321473972726,-1.9780188913180183
134.2739412734128,35.02467112232025
106.74472528200364,52.33914739086974
140.66422383174557,-22.204750213878853
90.30173607523295,54.217830288100686
36.07498543734802,4.263257287544711
143.06106582754327,-12.386121251231996
115.54405771259826,49.593682270357775
138.37252212045942,-28.073423049641217
100.71393954469848,53.50932084103679
141.80711457802687,-18.505035806807584
83.79435333977057,54.02195215434994
135.28347563066657,-33.6987564232349
35.91401097601019,0.40641168863580335
110.31255005345963,51.48138797592279
139.94293781196558,-24.49188744849732
94.33770155276476,54.17715031554281
142.7164768159486,-14.748112043798411
137.36468807029058,-30.28348017441013
104.54661776386672,52.944854414877454
141.24024126638284,-20.82875996948086
87.79976944103763,54.31357328162855
35.883843973656376,2.7951540325966073
113.69574402832629,50.454445516708915
139.11854608596298,-26.755193117590238
98.34259717321308,53.93126089037408
142.2905439319394,-17.09989123046002
81.31049094393772,53.9118776374507
136.2326324532423,-32.45817070121909
35.79426724789592,-1.070248609575943
108.23650894291725,52.19248774408923
140.58025082371083,-23.134450957270282
91.85563142757928,54.39997824029731
143.11482869225603,-13.319028231414134
138.18371221627717,-28.990672693756018
102.26831184404898,53.48393837980534
141.77940284693568,-19.43867261592855
85.28529314915917,54.32981111001863
35.72030794785083,1.3213317200280519
111.75346310971446,51.26287717415611
139.8212351769427,-25.418689039605667
95.9112022815229,54.279266308569404
142.74021420229897,-15.682809135224897
78.84511266121454,53.72326254196139
137.13012082854317,-31.193899773781556
106.07187700323217,52.84211635489877
141.17844243659826,-21.761470061984156
89.34154210169103,54.5441895794722
35.71734992785573,3.716333483611209
115.07587740085083,50.16817309768782
138.95639082628034,-27.677725309325602
99.9158472057468,53.953132965309315
142.28296824481893,-18.035390377588605
82.77054803448465,54.2661910928744
135.94843187499833,-33.359941422621326
35.58414830117062,-0.15763598019768005
135.77510997292381,33.63834811527246
109.71766869227999,52.01534204456998
140.4822478392947,-24.065052892102578
93.42934605994282,54.5508939351995
143.1571509859284,-14.254581221619494
137.97795733066076,-29.90741990023652
103.82239736832682,53.42671506207128
141.7389290179774,-20.373927787965755
86.80735734171542,54.60857051783919
35.53740377653263,2.240708355547866
113.17858725655189,51.01510147217917
139.684538684096,-26.34589535096519
97.49674965390834,54.34940649427537
142.75211269400683,-16.619768455676702
80.26774875714045,54.12289995333084
136.87716127176463,-32.10317200726945
35.47521240062531,-1.641186237759939
135.04654133910572,34.99069613650382
107.58995154994722,52.708163560089965
141.10316095735755,-22.69536085591315
90.90781876216501,54.74411800948151
116.43622865567532,49.854112392964566
138.77810488674837,-28.600119158797906
101.49327250113471,53.9428426412308
142.2630414537923,-18.97275333070494
84.26549957313955,54.59243858564559
135.6441736941235,-34.25984109937502
35.384877161705184,0.75964021983264
111.18573296675255,51.808021460127186
140.369894289134,-24.99636581634271
95.019997216838,54.670038005542956
143.18792686445164,-15.192618785563587
77.78876387070814,53.900654676395654
137.75474394511062,-30.823428218189864
105.37320124458228,53.337676639359294
141.6854663387445,-21.31062780181494
88.3583944015429,54.85739025997371
35.36523773769143,3.1643697456569266
114.5858672176091,50.73850838567457
139.5324601529824,-27.273302334547306
99.09123165456789,54.38724871250204
142.75202423258952,-17.55882615885304
81.7285634157812,54.49566246154304
136.6052058791197,-33.011034667096176
35.25956657798657,-0.7263067870515144
135.79943410343512,34.29116385170857
109.09811783706505,52.54321401126043
141.01411385886013,-23.63025022656865
92.49591465102401,54.91269165703499
138.58322414588366,-29.522152801866216
103.07174603077873,53.90029035248607
142.23056852189896,-19.911811740418223
85.79355424919409,54.88968738133407
35.19637536778411,1.6814050611055957
112.63836392500154,51.57090393208392
140.24284397919166,-25.928195936189837
96.62453973036124,54.756951559762506
143.20703522585458,-16.13297994234856
79.2089776112664,54.31866336910199
137.51352291133614,-31.738453293043776
135.04982555971938,35.64412853814818
106.9177779352372,53.216933418931994
141.6187671946209,-22.24859740484269
89.93599334240437,55.075485078831164
35.20375876375006,4.092147378799427
115.97340767209566,50.433598297910976
139.3645822277415,-28.200700930295277
100.69145611240404,54.392559294701265
142.73978362378153,-18.499818112812118
83.22616395404678,54.84054242145502
136.31361094934445,-33.91721541523405
35.054752650554036,0.19326724573286258
110.59376309140393,52.34756079077069
140.91099444166616,-24.56595323306419
94.10293586639426,55.049316893149644
143.62914598317286,-14.696006295233738
76.71867800320473,54.06239799017356
138.3712512779685,-30.443597673564973
104.64814552255314,53.82546546273305
142.18533504897792,-20.85239612438448
87.35264050608893,55.15704716698829
35.01857376355483,2.6074872671666838
114.07337428788952,51.304429393684345
140.10072366311238,-26.860345363279098
98.23979476455801,54.811261588705094
143.21433898973754,-17.075503900420742
80.66912462333865,54.71005768588119
137.2537074348448,-32.65224205931904
34.94019221877821,-1.2994887997638422
135.81587593201476,34.94537110309746
108.45326071871189,53.06467820913267
141.53856198271933,-23.187659229195795
91.53749461124417,55.26213324791045
117.33948191704454,50.10091899279414
74.26881287066172,53.72832424583642
139.1804567026668,-29.12787646371278
102.29418456185843,54.365195546469124
142.71520767942738,-19.44257959852897
84.75886908771164,55.15656117227981
34.86068372372803,1.1173612850788646
112.07440755656654,52.12156798830897
140.79347095086356,-25.50228166585229
95.72580298157874,55.15348040144046
143.65537344369227,-15.6396815409049
78.13502140665805,54.4988981722683
138.14165384482843,-31.364217784876228
106.2193865563625,53.71844574179434
142.12710625111728,-21.794335520918874
88.94040904078851,55.3936792909421
34.85141279769704,3.5377190197958273
115.4887409802039,51.00909448935819
139.9431314950357,-27.792611573860793
99.86248213262779,54.83268534268404
143.20968432539928,-18.020029780128723
82.16794663552142,55.07378981232429
136.9746709471515,-33.56453187089896
34.72985984685759,-0.37767401521324456
109.97688917498908,52.88118325528865
141.44455790400815,-24.127633384617514
93.16000665939625,55.41668491656042
75.6357934395517,54.20826608738298
138.97960273655096,-30.05460799972707
103.89616738476717,54.30510701251743
142.67809429684002,-20.386944993212175
86.32470296226509,55.442778356424924
34.677282185281136,2.045804529198582
113.53772364199142,51.86566589927432
140.66118515532827,-26.439043564125427
97.3612794508925,55.22475537757248
143.66997338036788,-16.585581465152927
79.59302646235835,54.909080442362075
137.89386227076196,-32.283768945265514
107.78245466558326,53.57939567974163
142.0556258661355,-22.737457119286745
90.55424099281824,55.59880600610299
34.694842828279214,4.471935764076974
116.88261546366688,50.68544692233169
139.7696353738454,-28.724786833011652
101.48925540141539,54.82103354410112
143.1928998238402,-18.966396323571207
83.70388727941587,55.40883612969256
34.53025333629473,0.548691508115534
111.4860340376,52.66679625782902
141.33643766725544,-25.068337025362204
94.80042817466449,55.538569907033256
144.0971930706174,-15.140026191623754
77.0467866803976,54.66334990199705
138.76150495003833,-30.980667648704074
105.49417927484413,54.212335485946646
142.62822147015487,-21.332747436712463
87.92139436890922,55.69830156561209
34.50447998690362,2.97842975438594
114.98155169901258,51.580345643449014
140.5137508253441,-27.376042700090558
99.00600424507387,55.26280671529286
143.672803247367,-17.533548282302565
81.0915823609921,55.291858521677966
34.410123909775066,-0.9530729657480235
136.58172584549916,34.88890372475628
109.33443561024143,53.40856369241559
141.97061497706864,-23.681585871190286
92.1912621671687,55.77171949716532
118.25333076550632,50.33407955843503
74.54110167147945,54.33805028797679
139.579771174137,-29.656657575347356
103.11673885776165,54.77621233486499
143.1637956085188,-19.91444159029014
85.27508259207977,55.714206745704836
34.34128658934038,1.4794373459879617
112.97821889330058,52.421935587722
141.2138580980815,-26.009583888567064
96.45547573188307,55.62730474211827
144.11899234551723,-16.089213818037962
78.5011325941056,55.09244831021093
138.5256114004947,-31.905819820136845
107.08505405041518,54.08701376378188
142.56534622785702,-22.279818479190418
89.54638181273751,55.92229612060418
34.342218931004105,3.9150731196547364
116.40391225733767,51.266153339819695
140.35075210160534,-28.313078026833075
100.65652795269385,55.267395017446574
143.6637033319843,-18.48342402922258
82.62927249280837,55.64616517027548
34.205008322138866,-0.024492391594625414
110.87254307720502,53.20627830521616
141.8717707485592,-24.626544076172
93.84836342071996,55.91179045648952
144.53256332878246,-14.63416392391151
75.94524030265843,54.81178086003228
139.3730408565563,-30.588003740137882
104.7415653155236,54.69822389749631
143.12216237940294,-20.86400263721939
86.87935663868029,55.98895548795433
34.16288304359225,2.414396772209427
114.45113834762186,52.14708483216948
141.07644864607934,-26.95118380118554
98.12171637419394,55.68249869209198
144.12920444191283,-17.04053068330007
79.99788037057658,55.49443862080729
138.27133142935668,-32.82982041914744
136.5954161351181,35.54648796149043
108.66571787419706,53.92936319064301
142.48920349028728,-23.227987708029165
91.19682492064153,56.11399476005971
117.80301468428237,50.92368397584484
73.43564371139944,54.45156091983726
140.17174174842526,-29.24994308617747
102.3093514044114,55.238379303823244
143.64249589733356,-19.435050274175136
84.20436123673962,55.97096185432314
137.03502396220236,-35.033425767268945
34.01051008444193,0.9084989162089724
112.3941431843961,52.97294342994904
141.7587650687012,-25.572150940384383
95.52222709327053,56.01847596724663
144.5614645794153,-15.58655301645666
77.39437399917422,55.259894415341584
139.1489104511278,-31.518598056108242
106.36041369824693,54.587165731945035
143.06777038449462,-21.81491518114017
88.51422305369276,56.23219017111236
33.99497594074023,3.3534065621032796
115.90267242362754,51.84278681362498
140.9238097826391,-27.8929421523085
99.79560439871977,55.70385865106942
144.12768124862362,-17.99382195715555
81.53576773845231,55.868211687884475
137.99803337778562,-33.752415980228776
33.88487252427976,-0.6020810905859316
137.34388091836342,34.8215004444511
110.23322001900439,53.73969006987497
142.39950484053062,-24.177082351778765
92.86962247756647,56.272706992615014
119.17726234773382,50.553575106573845
74.83140645173472,54.94397156920073
139.97623928383064,-30.186425372616984
44.5378497654299,37.643678950982455
103.96096574578092,55.1757183283615
143.60898426013577,-20.388267809371236
85.81478570180238,56.26524901589304
136.7079396262245,-35.94606451354666
33.82654409870767,1.8457346337290286
113.89677531154413,52.70903287143473
141.63124308915536,-26.51822210560929
97.2093590954004,56.09132645742393
144.57895598349947,-16.541131145675653
78.88772375820686,55.681234245557455
138.90680790731284,-32.44820527114047
136.60121907092525,36.205353995970576
107.9700453436675,54.443228614377524
143.00036831261158,-22.767013241720356
90.1768931592818,56.44308291372238
117.33089709591984,51.5096372336617
72.32050588088637,54.54862852395046
140.7555112818145,-28.834659327395048
101.47352140628165,55.69119268462074
144.11425706858302,-18.948932546502583
83.1132039053546,56.21268163072754
137.70504216612542,-34.673342734404315
33.68487540921934,0.33309986943827147
47.8638588332784,41.78809281551108
111.78476043887682,53.51838105442054
142.2959372016748,-25.126926858700855
131.08897979097512,42.84242308049361
94.5614371193653,56.397827852935336
144.99746221905426,-15.077748209611777
76.27374666671619,55.411169044299264
139.7637289791622,-31.1223056490205
105.60789280722317,55.07947046400806
60.8674955119571,50.84919354888482
143.5629517973908,-21.342916327592793
87.45815336144537,56.52807676639018
33.65303503686878,2.7870520569058432
115.37816893898977,52.415084215668095
141.488821655863,-27.464569145469923
98.90612599312246,56.12999150535536
144.58490092663007,-17.497746454917927
80.4241957288448,56.074651396760586
138.64612080496397,-33.376581321676554
137.36289488261656,35.48110480441082
109.56733804642587,54.266693305797695
142.91968210078824,-23.720128763023727
91.86429111868591,56.62088025092786
118.73409101506373,51.148278086134006
73.70636288480517,55.05972216188187
140.57109037645873,-29.77613010027981
43.823595031720764,37.310341682137256
103.15181850232024,55.64441213138378
144.08874773100385,-19.905706800622948
84.72825717808112,56.52679629859768
33.495384816051796,1.2725553153701685
113.31771355688144,53.26589765652195
142.17816141298607,-26.077342447241772
96.2687264225334,56.48884580097812
145.02212964122424,-16.035500924520754
77.76206802196197,55.851965348601084
139.53365772085223,-32.05735720943134
107.246724603835,54.949792161713475
143.5041608758014,-22.298834080711806
89.13174640817643,56.7585557834147
33.489917597827095,3.732291905302871
116.83625633796967,52.091692259263944
141.33108762230626,-28.410999025480187
100.60879617883835,56.134224305998735
144.57914564002922,-18.456247023378648
82.00236022884623,56.43901435090415
138.36619392101005,-34.303472436178666
33.36430503248664,-0.2466516836742031
138.1021403541812,34.74336649705403
111.14931695921045,54.05792611944302
142.82541364920664,-24.67409121116479
93.57307632516545,56.764912768828026
75.14030850829255,55.546041209063006
140.37004978060838,-30.71714298072403
44.20647096095239,38.21627645256941
104.82685941960706,55.563532189212346
59.8367941921935,50.76521721092479
144.0509496341314,-20.863988201336014
86.37864834023591,56.80954831599711
33.31631683341953,2.216122969934147
114.82964785247772,52.98277003485394
142.04581069710048,-27.028146625498568
97.98777982798701,56.54534951509795
145.03543368120086,-16.995350964036653
79.29545842723259,56.26517419870372
139.28543272725236,-32.99134508384853
137.3742587223556,36.1420241564702
108.8741608442987,54.78693503775092
143.4323516973045,-23.255857518091396
90.8325334727928,56.95586815412461
118.26918111088504,51.739502140937674
72.57123651637295,55.15885367802706
141.1575960368949,-29.357313523249328
102.31358398765278,56.103884648452485
144.5615183477599,-19.416480583053566
83.62043505991984,56.77321959426308
33.16932649863439,0.6949682585518735
47.58688931102363,42.38218062041973
112.71318164720469,53.81737348390725
142.7172394362121,-25.628727145220306
95.29967292430287,56.87460397699529
76.62193878555038,56.006369427292285
140.15185557209514,-31.657479508092187
106.49506328270259,55.44867096836829
60.848694696239534,51.47649814105762
144.0006387124263,-21.82361903633331
88.061750785064,57.05998649706358
33.147597536603115,3.163644096486447
116.31834101081735,52.66959022936124
141.8984890098714,-27.979152676451623
99.714760539749,56.56703335449431
145.03723237684727,-17.957149417239016
80.87266512361255,56.649620570577646
139.01841911377915,-33.92402517942508
33.048721246206654,-0.8306501010611942
138.12654412901875,35.404950096017785
110.48704343328855,54.59124168792479
143.34724105359368,-24.21382090265202
92.5571891068646,57.11927787927237
119.67530272002826,51.359202330475554
73.99517548998169,55.664300140548
140.96786819573535,-30.30330860480218
43.486367848536254,37.87935789987309
104.01669547709821,56.038940302149236
144.53182834638167,-20.378294221439056
85.27627432505268,57.07620292747618
32.984741491927956,1.6407301152874176
114.25632875421611,53.54555566790736
142.59480902463196,-26.583859760585543
97.04030603629153,56.94947814012407
78.15053573706007,56.439486053858616
139.91593492418943,-32.596913492631636
108.1529457538607,55.30004704721571
143.93756932156487,-22.78444005377658
89.77459824601208,57.27722737376869
117.78179057213109,52.32700501791585
71.42719833220056,55.24120925230104
141.73576926406201,-28.930169105418386
101.44575127298263,56.553701304335064
145.02736621777785,-18.920747228540964
82.49207358021319,57.0041512718339
138.7319373002959,-34.855143352031746
32.848290187349114,0.11308041905546755
138.85631299471274,34.654705933658335
46.78223747650794,42.098896985530686
112.08238710664708,54.36314036576116
143.24852098200594,-25.17255590216404
131.80903873177485,43.52826599388389
94.3021211040734,57.24814073437814
75.46842866312033,56.14420320380583
140.761389551763,-31.24877375258352
43.87762995502943,38.789180942973616
105.71437447397759,55.93946676640612
59.80087273569223,51.39143136730318
144.48986501042913,-21.341534070370482
86.96736391231916,57.34695131990586
32.8104674587151,2.5904756011706027
115.77636994772918,53.24305984624515
142.45774345259164,-27.53930839668333
98.79104390764289,56.98916680903562
145.48859194219776,-17.451792525725274
79.72503859867084,56.84417511209015
139.66167368037011,-33.535210194042214
138.143535162119,36.06787929781733
109.79715738846197,55.11797561654588
143.86147303415092,-23.746290096049776
91.51390073393019,57.46046654512745
119.218220181318,51.95570856546145
72.83951699281609,55.765756687916486
141.55719141763248,-29.88099904583136
42.77562051025918,37.53197061874099
103.17680251152146,56.50526926601712
145.00565726228547,-19.88599491296764
84.15169150442438,57.32764641711317
32.65822882622091,1.060981803641425
47.3129984463391,42.97625548128745
113.6574055306309,54.103138692447054
143.1358573146082,-26.13189115308167
132.79535531064946,42.893156085176784
96.06350540448628,57.34191318061837
76.9904832809662,56.59731083150476
140.53760747103166,-32.19349124028828
44.29319537156322,39.695650875359426
107.40294748960021,55.80564539488974
144.43539671847785,-22.30604497405833
88.69082469047113,57.58451506011967
32.6464320314751,3.544049891159735
117.27114500410163,52.910532694743885
70.275457697339,55.306655174103426
142.30563349736397,-28.494888012290552
100.5478449041287,56.99341382542326
145.48636563065176,-18.418661891539124
81.34401825647979,57.21923587956052
139.38841376360216,-34.47212543332298
32.53219675227546,-0.47300368692390155
138.88616233714893,35.318225504252084
111.42451817740786,54.90286334400874
143.7720573385029,-24.70900571034267
131.663679426656,44.18256548152537
93.27606898230843,57.60898952741654
74.30269325631467,56.265244232855416
141.36226041696793,-30.831439619057967
43.15151757650175,38.44872723485445
104.90398179168585,56.42176561274164
58.7566779412927,51.29062928164587
144.97190818249712,-20.852742257083033
85.84913929912767,57.61903163023709
32.478445969818544,2.0128961280024624
115.2095324108145,53.81181658779956
143.00888811174966,-27.091651793962463
97.83732792823554,57.400160030004606
78.56048461705957,57.022369061541056
140.29592882688198,-33.13723534919387
138.1529960885243,36.73208851141825
109.07886616421973,55.63775996411894
144.36816969100366,-23.271670141145382
90.44342425492347,57.78801990810598
118.73873008203837,52.54867270085396
71.67455044933416,55.85024460515545
142.138037804359,-29.450408619734308
102.30660798505954,56.962078622590845
145.47251019672785,-19.387247879803414
83.00565628870392,57.5634944199391
32.336698399403296,0.4769838874320908
46.49978341370468,42.68967665572728
113.03204745158173,54.65520212761921
143.66900423230754,-25.672420733508538
132.66982614119175,43.55036014052633
95.0572473332995,57.72218177195153
75.81642923366125,56.73839211505151
141.15044398504136,-31.781281243556716
43.551146230129,39.36238214555154
106.62342246975003,56.3033299933368
59.773616258358935,52.01649121259176
144.9259012312969,-21.82083800383874
87.58164820462952,57.877290736971574
32.30886057787033,2.9686690426810767
116.73643737723594,53.48981862334796
142.86722197075446,-28.051658965215825
99.6194323288559,57.42256059825347
145.9385947058649,-17.910376795494443
80.17720599696001,57.41813225783441
140.03571742279743,-34.079771520166496
138.9088361763695,35.98311872315302
110.73874603925908,55.43619180782139
144.28790673372248,-24.23825077345775
131.5061102640696,44.8367902689499
38.96197336386035,32.25590994029474
92.22159776825336,57.956678917547855
120.17744139730895,52.15822236820108
73.12594631189509,56.36929241560348
141.95448087039537,-30.405674675836277
42.43502057729239,38.09781519381029
104.06322509710364,56.89513770354775
57.7170224555694,51.17421298682263
145.44684145379645,-20.357403748990187
84.7077300756295,57.87581602559679
32.15145134452607,1.4310129078891065
47.04203200295994,43.57032174983521
114.61698855286933,54.37556193529923
66.64016194765946,54.78293278822066
143.55196870232373,-26.63636584837759
133.64703349144716,42.900078008318445
96.85335458874438,57.79953752012361
77.38008897052842,57.183911752522725
140.92117024423717,-32.73030688820123
108.3313704604017,56.15021043101459
144.86739712404284,-22.79012951944478
89.34606720721554,58.101478659081174
118.23603662542145,53.137846000881176
70.50153528944624,55.91762170131893
142.7104361998181,-29.011729271592298
101.40557231859056,57.408913123658856
145.93246507745332,-18.882207788522017
81.8390227865958,57.78337457939202
139.756291235058,-35.020855434967196
32.02006961348485,-0.11116018843777456
139.64155812688162,35.22113180788488
112.37940065434994,55.20141368411958
144.1943058776994,-25.205625671067192
132.53273745187167,44.20767303670818
94.02147806581408,58.08980357228453
74.62957021310675,56.862494937613754
141.75445087071228,-31.360484424732782
42.81886190369978,39.018436626723165
105.81363381228932,56.79268424460909
58.71193524645789,51.9145770403763
145.40915536538287,-21.328981947154517
86.44760541782786,58.1551183554194
31.976365872574554,2.388929411303319
116.1768279244373,54.06458294338982
67.95386051719261,55.38640432177891
143.42057708067622,-27.60066810841911
98.66013193050833,57.840667186869794
78.99266420002046,57.600515673139355
140.67382516358393,-33.67829126377448
138.92422377471445,36.64932218228787
110.02422755015301,55.96275882435644
144.79613382754295,-23.760462440169796
91.13887952280537,58.2907341721173
119.70649848559124,52.756648353380854
71.93945405490147,56.45617139325407
142.53807484655326,-29.971674203457955
41.72824177276576,37.7366679324206
103.19146695037844,57.359137289360774
56.6827873075204,51.042321080198356
145.9147424660349,-19.855675754343252
83.54389192282711,58.11690254384331
139.45691946688518,-35.96023201989728
31.82940162179021,0.844930743959567
46.22000698095831,43.28049972784233
113.99787020904431,54.93398257767574
65.49162542053435,54.7790375370242
144.08703890747208,-26.173630810642827
133.52964365497678,43.560151535141244
95.83893476322383,58.18681387370518
76.18501612257654,57.32853270912401
141.53739731862302,-32.31462918757444
43.2268395890081,39.9358693157835
107.55386851969111,56.65492584289495
59.75517036739541,52.640414571912174
145.3592269711683,-22.30183379421507
37.55409877347321,30.451539193432282
88.22223798322429,58.40038498956791
31.811362597267138,3.3505829270211382
117.7093085036695,53.72296719705872
69.32176627791766,55.96777083849549
143.27442526760282,-28.56515042732514
100.47319661647936,57.84530300381578
80.6527432943528,57.98692879515528
140.4077498189419,-34.62499994834977
31.708261791775715,-0.7033493410596325
139.66996000360018,35.88794113370189
111.69859008226827,55.741425011476146
63.121553814569126,54.099190496252696
144.71182524814645,-24.731680296764836
132.38374943163078,44.86500041693381
38.57769650446232,32.79138490631557
92.95622909873771,58.44429215357395
73.43116622144619,56.96940741924938
142.34964657001592,-30.93129951249263
42.096462304666844,38.664040503842465
104.97285706307251,57.27327475619204
57.655042190966384,51.79688935818632
145.8852363687568,-20.830636657744545
85.28933860316342,58.41756849586254
31.64886460425491,1.804937201659543
46.77383648819355,44.164383045885565
115.59144429662443,54.63453166257303
66.78655616238089,55.400563322084906
143.96574976766547,-27.14209889413591
97.66962163580807,58.247247028035055
77.79150877144066,57.766079945860625
141.3027285463505,-33.267892593607755
138.9322052089517,37.316772745175456
43.6599983329487,40.84976516660171
109.28010857035927,56.48218049402983
60.8484622991304,53.350707557622435
145.29680922264802,-23.27580914564856
90.0281846732225,58.61067906482101
48.85918963738252,46.17592701497577
119.21243754353853,53.351470005944336
70.74452876503965,56.5257298003445
143.11307680995927,-29.529631029398306
41.03126334417492,37.36550826251424
102.28809981715827,57.813302710581816
55.65481896997791,50.89510884768695
146.3756928991723,-19.34771252239906
82.35848507866035,58.34190098052673
140.12223745855337,-35.57018843488009
31.51221469261999,0.2547520564906075
45.40804625012775,42.97879811788035
113.35128206125519,55.48674960187956
64.3418173187631,54.75815430116141
144.61415981014258,-25.703624113967674
133.40100554457288,44.22041569814971
94.79395712832918,58.561494928578234
74.97650499593098,57.45598351901499
142.14462234445196,-31.89040453700229
42.48821860888647,39.58847260579727
106.74556102537441,57.15148768925886
58.67540261911474,52.53752023844316
145.84373596376668,-21.806945573596117
36.973441906970336,30.01181245530908
87.07245169179068,58.68428472113662
31.478370466194324,2.768709125531978
117.15767848959618,54.30376166333197
68.13656632128018,56.000600759800335
143.83005283784578,-28.110858864532982
99.50903108207241,58.27076441507661
79.4478676910544,58.173815503228866
141.04980899533948,-34.22004974659047
139.6913192562824,36.55608830550182
110.9887219405363,56.27487095180059
61.99351480886228,54.044381221612895
145.2216317205041,-24.250756035071365
37.96428947974951,32.36969730345244
91.86162565391395,58.785156605921955
72.22253468275883,57.05894228213673
142.93606082309032,-30.493922858576294
41.384045268858664,38.29941997774044
104.10038670450183,57.74465115409972
56.603851429323065,51.66357058862758
146.35422583090462,-20.325959018061997
84.10759927572883,58.66422070373361
139.81653036088372,-36.513601100008714
31.32627324430152,1.2167962136792287
45.942748195807326,43.87136707394228
114.97938201392716,55.19935581188035
65.61663926989742,55.397525201862585
144.50279891494498,-26.676131982280488
134.38807727928676,43.55779653883882
96.64764806825151,58.641802321062265
76.57494100358942,57.91453954188966
141.92243298245685,-32.848781471541905
42.9045297393341,40.50963125735012
108.50552795690574,56.99405533840744
59.745698432247316,53.26321694284684
145.790008993247,-22.78445636662047
37.15847960896524,30.97593792758363
88.88988922066406,58.916037878464216
31.31784160120609,3.736099865702653
47.977490948714944,45.914089669788915
118.69440481464201,53.94243185148187
69.5425216625683,56.57784235587864
143.6795310645952,-29.07973538507181
40.34414776093034,36.98455830341271
101.35255404952379,58.25715657431321
54.633926299904,50.73274738200356
81.15247528403681,58.55043527927746
140.7779563042643,-35.1708663198921
31.19980838063397,-0.339423068473229
140.42671554783783,35.7825445914196
112.67630325329161,56.03351767041653
63.19197606995425,54.72030303676863
145.1333993443323,-25.226520295364306
133.2607877261265,44.880780273300175
93.71839734923938,58.92307913546738
73.75586372056563,57.566039609279926
142.7428697458759,-31.45783293645736
41.7597618400311,39.23063042217994
105.90565676405599,57.639459736720674
57.600678518520155,52.418683792836845
146.32100550104363,-21.305624482844205
36.4014285568951,29.564161251597252
85.89733535999356,58.95272960334854
46.50825876390442,44.75844230717514
116.5802432473976,54.87994055748932
66.94727883695188,56.016046731753676
144.37737527077047,-27.649038598920587
98.51268412430147,58.684800041834905
78.22554164888525,58.343711958460815
141.6824664647728,-33.80621457500045
139.70552317468088,37.225512357157434
110.2488867575941,56.80136880547686
60.867746697825034,53.97292454426058
145.72380055074296,-23.763021351949675
37.35996068674191,31.939582724766137
90.73789506304287,59.11190336187746
48.630338591801646,46.77885885217542
120.1997363837355,53.551350904748325
71.00504362590058,57.130938217808385
143.51373393898677,-30.04854827793423
40.681687502373684,37.92480083801563
103.19554348611592,58.20634601359341
55.55924059644689,51.514780472587844
146.81620930086953,-19.815102922660305
82.90325081505851,58.8946659396757
140.48643818310418,-36.120097572978175
31.008508132752862,0.6246078907078007
45.12207145189431,43.566439716611654
114.3397052846088,55.758730574519895
64.44540946533886,55.37728237805632
145.03179076682957,-26.202945150520762
134.2680525585823,44.22094523606702
95.59403616096058,59.023825132258914
75.34424330047493,58.045631598512344
142.53295691322006,-32.42116167093065
42.15940515300129,40.15882130510863
107.69962228738265,57.49796373884555
58.64721553104277,53.159474988606554
146.27581423324435,-22.286566586283026
36.575043348299076,30.532873086667305
87.72448148779675,59.20633760648415
30.98433054642547,3.1521173921676517
47.10602968775295,45.639534723993705
118.15150743992794,54.529265063538844
68.33481518907261,56.612410772125976
144.23749108170128,-28.62217477451618
100.38430667019256,58.69020609171571
79.92693354312958,58.74214596725424
141.42406506359356,-34.76247931070211
30.892100515618157,-0.93749683042666
140.45408104448666,36.452583159539486
111.97198952445045,56.57392419493139
62.0433286419148,54.66552842546687
145.64483176417832,-24.742490934195647
92.61232740915743,59.27105915710324
72.52446336627123,57.65850189556952
143.33217530681395,-31.017111918007625
41.041561849868124,38.86257224389975
105.03337913354368,58.1183877318191
56.53194807188117,52.28405168811706
146.79112124438,-20.79802714160668
84.69763229525314,59.20527976617748
140.1744690621212,-37.06748728126768
30.827187995399136,1.5924585850853088
45.66784696149623,44.46227894444065
115.97606342698691,55.451199925538035
65.75525980472241,56.01407099242007
144.91645684010248,-27.179870782163036
97.48383210067254,59.08689991946497
76.9870036107497,58.49631648963156
142.30573393439278,-33.38370210475502
139.71244976249133,37.896152577956535
42.58403588139335,41.083656338716146
109.47816311574564,57.3205176248008
59.7453826107513,53.88491152511569
146.21841239519583,-23.268641708381068
36.764676823534735,31.501240610396348
89.58537491985582,59.424038243192484
47.73759967212905,46.51412313032865
119.69111176920443,54.14814524048651
69.78010408316258,57.18526108150736
144.08271608415032,-29.595366901754648
39.989445560034355,37.54040806087914
102.25768263221734,58.65787492629577
54.52204737897033,51.35069513349421
127.84596045195875,49.90180508329855
81.67726995399553,59.10850911954888
141.1465222460652,-35.717341411422424
30.695485556855918,0.02847136782567297
44.31204354429702,43.24984101433665
113.67144825471398,56.3123143952418
63.27416217144312,55.33985330568205
145.55279836520486,-25.722713222520692
134.13677617129093,44.88427689551586
94.5086991532516,59.392798729324205
74.10077374108747,58.15911785227139
143.1343309980896,-31.985234576837893
41.4247348180105,39.79756847436683
106.86153140578266,57.99346743831991
57.554039174631775,53.03961271914273
146.7543106251762,-21.782299264954478
36.00039932331065,30.081928346535893
86.53256820175567,59.481110345282644
46.245145650654955,45.35250182975405
117.58281291472538,55.11168656477697
67.12281480101525,56.62936446744144
144.78701884452047,-28.157133862314023
99.38289093768456,59.111943601326125
78.68303461199586,58.916692606116456
142.06056786217306,-34.34523909987692
140.4745416401075,37.123925694757276
111.23737593663836,57.10758851595193
60.89708369748831,54.59389952260481
146.1485371353034,-24.251704597067963
91.47592495357026,59.60492370555411
48.404597301005204,47.381651478406596
121.19729000939155,53.737442062902225
71.28373070893414,57.733198275231956
143.9125854178351,-30.5684363817847
40.33368955927819,38.48452701558392
104.12797355209217,58.5877992151233
55.47012227137876,52.13378836575443
147.25417272956966,-20.28430715432143
83.47420542327302,59.44150630712299
140.8490793447236,-36.67055586150272
30.50882727053723,0.9982852017465733
44.83820823010922,44.15416860774149
115.34416409774758,56.0172197736828
64.56186961414706,55.994662996329694
145.4473691347116,-26.703533618930695
135.1334564021382,44.209417364863
96.42222965362029,59.47654247546938
75.73358047636131,58.63135069120542
142.9196362614986,-32.95271771137567
139.7119672081771,38.56794842460516
41.83223826936193,40.72946846847042
108.67562215077965,57.831897545206814
58.62752631843862,53.78045540975319
146.70555285118974,-22.767779527260107
36.17839358406708,31.05486780025592
88.40452079531423,59.72106872927381
46.85548715340243,46.23660948233671
119.15769892859085,54.74101181042328
68.54916181803596,57.2218048957006
144.6430665874545,-29.134567050891413
39.30735685108576,37.146465439986905
101.28620293525073,59.09873673006483
127.53624559523298,50.54184664392185
80.43074701029767,59.30537171672698
141.79677813821434,-35.30554845028176
30.387121822581992,-0.5715164833633443
43.512870844088965,42.92181326719543
112.97361675955337,56.859748077680244
62.10418104342962,55.28528230238135
146.06590100885606,-25.235608003438852
133.993904192797,45.547703223411666
93.39164884487569,59.748199161620725
72.84595950075392,58.254786435589644
143.72659731741808,-31.54119900372031
40.70060572010425,39.4261057115573
105.99040486368523,58.480109126414405
56.46715760428267,52.90378082506036
147.22558802773992,-21.271810824511633
35.4344896847424,29.623293912645785
85.31487973368965,59.739895864002364
140.5309219819879,-37.621865787468934
45.39514265548214,45.05323500043415
116.98734879474219,55.689398085935764
65.9079403917896,56.62866106930796
145.32818421343256,-27.68479437671731
98.34790668473774,59.52184729958796
77.42205411468544,59.07375622251332
142.68748298868658,-33.919355191539395
140.48798315021605,37.7965136414269
110.47148029287598,57.6341110965984
59.754425007539176,54.505509238268885
146.64460084618582,-23.754326796895885
36.37251077501425,32.027405977939054
90.30948245647554,59.924159624446474
47.500483593212955,47.114069450982285
120.69877996928045,54.34004727013749
70.035140127315,57.78998494100371
144.48415633897596,-30.111998453592957
39.6361952864647,38.09672274279999
103.1887158178059,59.04720347012714
54.416069641137796,51.968075259544555
128.79977274120031,49.98504510964083
82.22803944413909,59.66099398916384
141.51363329960662,-36.264395915793486
30.19517318657623,0.40021147105398786
44.019578403301814,43.834356376388016
114.68353558542749,56.577663113433815
63.36846482691419,55.95783945001189
145.9701904836473,-26.220202292149125
135.0112746856104,44.87564170917428
95.32772054747558,59.8531958141525
74.46668200255682,58.74856151854836
143.5242106099988,-32.51346427209011
41.091195953142766,40.36483783651511
107.84033290513116,58.335069171637464
57.515246822686116,53.65969084511811
147.1853120185916,-22.260594169630533
131.44678228528676,48.14835841294462
35.60105641579587,30.600658379879935
87.19591332963026,60.0025064406547
45.98434352960581,45.94656330644213
118.59853830674419,55.32967390436984
67.31368848122054,57.240492640611414
145.19485326562796,-28.66633412564444
100.28055676238476,59.52841392390371
127.20863520516156,51.180325009055515
79.1648847165359,59.48489439225705
142.4372167125312,-34.88493245997999
30.08333331943734,-1.1752610045747995
112.24519067226323,57.40065387450649
60.93673057589999,55.21363918587587
146.57118373344278,-24.741798230461914
92.2430059517634,60.089497099002216
122.20442510685122,53.90970480552579
71.58128920209364,58.33245351355133
144.3098085904493,-31.089251035750355
39.9870826651259,39.044665300205835
105.0854093276572,58.95741212944949
55.38751755113564,52.752148697574505
147.68974008490102,-20.755254635589896
130.02697503266896,49.405343552318
84.07227428629642,59.98224433291329
141.2103474315451,-37.22153616845418
44.55628926784817,44.741981821166156
116.36410270628575,56.26208518608878
64.69161746839931,56.61028669670116
145.86106431411125,-27.20533502406537
97.2790313752198,59.91938220342628
76.14536424975185,59.21304168281725
143.30484200283047,-33.48503467617936
140.4942820193036,38.47028868694885
41.506533547858496,41.30039945162627
109.67330733755466,58.15307274483684
58.616505196444535,54.400473653977194
147.13311314125335,-23.250519962079945
35.78331457080343,31.577753385191098
89.1134160272326,60.22825421666728
46.607402053883966,46.83364442293882
120.17559895390787,54.938927856704474
68.78020471741509,57.828747487719966
145.04695348278128,-29.647987360102952
38.949109809561875,37.69938611239565
102.2149214738452,59.49609162978254
53.3706132665552,51.78710972905722
128.50107474057558,50.62938710055907
80.96024162016224,59.86334401857933
142.16813336291543,-35.84922561672346
29.886140494634645,-0.20166662046634018
43.2121612252461,43.503089503733605
113.9931348049107,57.13217498051478
62.176389994990565,55.90364414185577
146.48500540241383,-25.730048904221498
134.8778435198674,45.542043970064455
94.20024888214871,60.21631926367958
73.18779393221259,58.847723250521845
144.11950562086724,-32.06614198724402
40.36099000179409,39.99000105262263
106.97136862056861,58.82957303984073
56.40957338907603,53.522772966473276
147.65778408324476,-21.74724191643148
131.21790841492376,48.80362855727057
35.03260125897053,30.13880354777871
85.96026447576304,60.26786982579471
45.124473715031066,45.64423434588544
118.01262647317719,55.91383960020607
66.07517234376982,57.24127682046801
145.73815177204665,-28.190850507958253
99.2402609602151,59.946373295169856
126.86243136753043,51.81707738043869
77.88099556416735,59.64673961720012
143.0678631435398,-34.45570489693323
111.48512693953988,57.93463458199413
59.773048972894316,55.12501872515728
147.06873681401387,-24.241449534281323
35.98180195408164,32.55439297580936
91.06301039491044,60.41615993751074
47.26600785854609,47.713934151689735
121.71672665486328,54.51808594244957
70.30830426148545,58.39196472791519
144.8840274131443,-30.629583886043072
39.284209385968154,38.65347844455463
104.14573703597836,59.42488022716472
54.31602056520673,52.584903373402845
148.14686385418042,-20.232781015655195
129.75620416864487,50.05502892762953
82.80574082083955,60.20771918496452
141.879475763065,-36.81200042058925
43.7288196900136,44.41899268575258
115.71202274396772,56.82941623213543
63.475268236056046,56.57425602069771
146.38574294761156,-26.718931419828834
135.8838532659989,44.85503043435056
96.17603179431477,60.30400136880372
74.85442805842261,59.334279973026725
143.91268885465482,-33.042482033028264
140.49330477090018,39.145192679939065
40.758958632084166,40.932421334785865
108.84185383350385,58.66403388119824
57.4844399140894,54.27893119103429
147.61416867681766,-22.740443411929604
132.3727778802786,48.18077243185873
35.20322348219802,31.12030626913751
87.88827362883471,60.51669781398078
45.72569793675715,46.54062786084913
119.62676277003288,55.53381406543096
67.52046676836642,57.84940179440693
145.60105072105995,-29.176589317326677
38.27244544404164,37.292742145602816
101.2059562031796,59.93393696874775
128.18482379351983,51.272315803283085
79.67204106329751,60.04817686849947
142.81259743762365,-35.42526093935289
113.2718871620447,57.68038143987985
60.98696964328702,55.83214756419086
146.99190406259802,-25.23324243008895
134.73280669739881,46.20853786683373
93.03987054473384,60.56536520077326
123.22044005468045,54.06810916115037
71.89846990024874,58.928639283332195
144.7055806017867,-31.610948222028174
39.64167874784768,39.60519392079792
106.06781407898328,59.31492917070532
55.31149108777466,53.36987637382123
148.12306692058897,-21.227875961411428
130.97404557101603,49.45816460154427
84.69842265882896,60.516687032597304
141.57042984930123,-37.77301119842458
44.27614585890149,45.329875864944356
117.39891569194177,56.49320073176403
64.83510874769702,57.22413979367999
146.273044967951,-27.708295481322487
98.16490861568458,60.35206678661197
126.49689344150556,52.45193280238545
76.58049758316805,59.79059424666557
143.6887559935286,-34.01807468321059
110.69236340220466,58.46127265275487
58.61434139482096,55.01953991943278
147.55865529143273,-23.73472440725469
35.38962834415904,32.10148687607487
89.8520313043381,60.727654176898405
46.361628619313706,47.43064261939756
121.20451673298446,55.12294734499438
69.02858936086936,58.43319642408406
145.44932551978957,-30.16238777046453
38.592009671368245,38.252774887341474
103.17061536237551,59.88199762351889
53.253519858765486,52.40224839809181
129.46889585607937,50.70359007989771
81.51640054160596,60.41590007995915
142.53831660157388,-36.39347918929231
42.91293479988031,44.08452007075032
115.03001832079458,57.39104134733605
62.2603027151885,56.52061209732767
146.9023100246074,-26.225756032457294
135.76000582713007,45.52432667206911
95.03877627761547,60.67514738613286
124.68556846019266,53.58998364730219
73.550792261777,59.4372303433649
144.5110790245665,-32.59189894923272
140.48490741588884,39.82116753974118
40.02252632962328,40.55423861878597
107.97611463783196,59.16653386677368
56.35930249939147,54.14104164204076
148.08786609813072,-22.224253343943833
132.15478240270264,48.8396941685422
34.6321669940442,30.65525691103441
86.63474245705895,60.78898657817676
44.855677208246505,46.235275550902095
119.05123945536941,56.12442096522255
66.25748774119039,57.85189466385377
146.14652971368997,-28.697987440025372
37.606197123978696,36.87701388043949
100.16124725465902,60.36019541084032
127.850325029039,51.913675383470796
78.36478638974407,60.215135108259076
143.44705790386664,-34.99271541595407
112.51868913899713,58.22188858129896
59.80150055124354,55.74344633877198
147.49098178640207,-24.729948677832365
134.57578380422208,46.87503468344312
35.59237068511323,33.082160719807455
91.84676470577136,60.899781166416496
122.74423751714252,54.682218156233766
70.6003222171025,58.991143724189854
145.28250474043634,-31.148077364184974
38.93329896694668,39.21065101844217
105.12877406264883,59.790636745968534
54.221936869084495,53.20119400624969
148.58126172032573,-20.70264641150061
130.71462985609256,50.11184284177444
83.41137663173747,60.7484989399372
142.24423693494128,-37.36012538096233
43.43959233794269,45.003743861402526
116.75631382684516,57.067431812524674
63.59499042380343,57.18909385907236
146.79962231858116,-27.21884516451832
97.05418162479617,60.74493262851263
126.11123556558861,53.08471146497612
75.26490851345898,59.91617200198866
144.2999462981482,-33.57224800462426
141.278244523873,39.039227526319884
109.86582352843207,58.98012933769051
57.46177366709565,54.89734511525171
148.0410385203139,-23.221782186290127
133.29874030441533,48.20049986128896
34.80672420486424,31.64082721416636
88.61057648867323,61.02344806876861
45.469053143638774,47.13469607431243
120.66678922047618,55.724026768293456
67.7437621785659,58.45605663643373
146.005783066911,-29.68784980361866
37.91048850451982,37.842782558724586
102.15931752909897,60.32822910140941
52.20081769168177,52.20440262854165
129.164402115613,51.35088510611493
80.20550675237854,60.60638593426693
143.1868952399556,-35.966190785719036
42.10880331031802,43.73881784075463
114.31696157683453,57.946591329888925
61.0481100457884,56.44942598000633
147.41086102553987,-25.725978135693957
135.62491831158596,46.19379841251288
93.86724730828831,61.03225417449461
124.24460708097428,54.212634549879894
72.236078730706,59.52168228016876
145.1000786833069,-32.13348416321185
140.46893480873834,40.49815516647541
39.29728811709648,40.16609081667113
107.07508986765036,59.66009041731266
55.242119189299295,53.98698507850615
148.5543076385332,-21.70210282920393
131.9221830059701,49.498002985899
85.353655240217,61.044625516906024
43.997607467714886,45.91784674594287
118.4479483668162,56.71044737736325
64.99283790790177,57.8362042057188
146.68347926502366,-28.212361660911316
99.08029590058435,60.774306279654226
127.49683995693476,52.5533021734651
77.03994164047486,60.36388619393428
144.07156064686933,-34.551799910915655
111.73241166995595,58.756281518690315
58.62124443988164,55.63766245420169
147.9823385636673,-24.22033026479999
34.99715673163393,32.62602551215772
90.62124512824121,61.21901228080607
46.1180200252032,48.02760659727341
122.24372643887472,55.29301346684444
69.2950116455211,59.03510275330583
145.8503563401906,-30.677720705236837
38.235867074597714,38.806605308564876
104.15338303369481,60.25617392964341
53.14179621469632,53.01693593567863
130.43906049740056,50.76453411831006
82.10025779282793,60.962862317325346
142.9075147824878,-36.93827744852466
42.615010894991045,44.666096310276586
116.0836846765411,57.636188912983215
62.35629784622157,57.13618109954305
147.31797931623058,-26.722672454833642
136.63995340728394,45.49470767247822
95.9078639457083,61.124396764502315
48.49592163972224,50.05664627332814
125.7046240545325,53.71522394924965
73.93583838852932,60.023215819513
144.90149667112422,-33.118428134593564
141.2772107718412,39.717183412010655
109.00442216206899,59.49074387978796
56.31646652428816,54.758598974281846
148.51598974161217,-22.702779039248227
133.09186680851911,48.86298156440261
87.33930111997886,61.30301452749469
44.58858839710919,46.82635667568046
120.10248640445135,56.321046897101304
66.45546253591509,58.460485810955134
146.55348794552907,-29.206153905856247
37.239633200625065,37.42372725253236
101.11117451669718,60.763020390112914
51.15866329967638,51.99159898774465
128.8420333418612,51.99676523610036
78.87444292280094,60.77879797270702
143.8252516059268,-35.53035093614476
41.31656303564767,43.382140594532636
113.57168944688104,58.49567655124413
59.84005010840786,56.36079611719643
147.91149648426398,-25.219763777284925
135.47822250351427,46.863361475945304
92.66155430896002,61.374749090362265
31.38972795369468,-22.72681878373548
123.78056883602963,54.832410453171335
70.91197467347621,59.58745726680111
145.67976387670328,-31.667433327957934
140.4452199523078,41.17609734305135
38.58327341263106,39.76821605502609
106.13779328133666,60.14419912483671
54.13386492714815,53.81696065499972
149.01359874135662,-21.174141811653335
131.67442575634314,50.15558130221881
84.04599517110246,61.28313168932853
142.60810547084367,-37.908741094982744
43.15171904367742,45.58860334327384
117.81575957272928,57.29157474350317
63.728085835262746,57.80233995848263
147.21199470559202,-27.719888667307252
36.304847894632125,36.01918497046395
97.96269085554377,61.17569332576825
49.2894965057856,50.91516353731129
127.12358378395223,53.191023984200406
75.6990804298284,60.494125175243056
144.6861641027213,-34.10272242312692
110.91190442477466,59.28312340861241
57.447421160206076,55.514942326301664
148.46607859476794,-23.704546598022574
89.36377104681671,61.52250395949116
45.214251729334876,47.72876801323439
31.675600997309505,-24.303451013321023
121.71788175611914,55.900240892450356
67.98423631700673,59.06041572564336
146.40922208480347,-30.200066334064783
37.549380327745375,38.39328778136208
103.14081609922124,60.71099786727192
52.07190037667645,52.817328094322924
130.14669737567948,51.41610330707634
80.76634074406181,61.15935307321171
143.5602964390493,-36.50768817492233
41.80256590857719,44.317192449021974
115.37984882909944,58.19910849815958
61.120489776069185,57.065472984912525
147.8282169278251,-26.219946988614062
136.51494692752817,46.167067833802065
94.72585540943683,61.48987459414805
125.27617469067097,54.343270412220384
72.5949805570883,60.111500019434146
145.49348043350335,-32.656815279531294
141.26889612805448,40.39618758198461
38.95371906168921,40.72733362095426
108.1070724282461,59.99263277729928
55.17949046341003,54.60348731210639
148.98361567720676,-22.17786796296545
132.87079110205556,49.52496776135607
86.03901532168469,61.56583428880359
43.72050127050625,46.505889982142925
119.51049757663417,56.91371423148272
65.16534115675469,58.44645725451464
147.09253511956027,-28.717480728902995
36.57941454039798,36.99583233731678
100.02558815453558,61.18579878173062
50.12775135761247,51.76408318433371
128.50105561276203,52.641074210293084
77.52471886131507,60.932782756746356
144.45343924508208,-35.086172560654035
112.79300650047067,59.037885845701815
58.637445582445096,56.25484754413987
148.40432149883165,-24.707275752811206
135.31952484145924,47.532929213857145
91.42194638702578,61.70205536411818
45.87642798133122,48.62453836487082
31.220268977528924,-23.390360883734203
123.29246928277426,55.449079276303095
69.580221663911,59.6344102972431
146.25021973893737,-31.193938890135662
140.41358324420747,41.85493563179704
37.88049084514189,39.360850680603264
105.1632619759799,60.61833311681707
53.03545979723395,53.63118532543218
131.4109198445628,50.812306406021406
82.71289922361575,61.504037569483415
143.27591624778955,-37.483588542145775
42.31820624891683,45.24780910412375
32.35116152155947,-27.44543105440949
117.1534936255779,57.8674659387855
62.46478788587766,57.75034274672325
147.73217730133456,-27.22074185098446
96.80812258555822,61.56376605935849
48.297631251583404,50.66137244842181
126.72972258686218,53.826659360278605
74.3438782900906,60.605577267859495
145.29093832812515,-33.64568791158561
110.05600114584429,59.80195450223387
56.281202483334845,55.375455702638
148.94230985665993,-23.182753866965584
134.0285958129424,48.87361306982139
88.07495730046945,61.8097049267137
44.32304028037941,47.41747528620634
31.517082394490856,-24.969967225206616
121.16562311805755,56.50363132693262
66.66971998408964,59.067015993526766
146.9591963300313,-29.715299050366166
36.87381802714114,37.97092713268696
102.0903013106368,61.15454489754495
51.01302420519254,52.60261094978253
129.83685838402755,52.06640876311977
79.4110419184857,61.33756954774385
144.20262974100976,-36.06857560165258
41.00238976827285,43.957292103586276
114.64358513884291,58.75580623330898
59.888994140760275,56.97706973949305
148.33044107095247,-25.71083510784321
136.37871854364658,46.839603702912555
93.50818589033574,61.840773055106276
46.577066844010496,49.51308514379305
30.78020304017087,-22.470231099571496
124.82494991556915,54.9686397093982
71.24410125191521,60.180832254615126
146.07598077171028,-32.18760644157707
38.233939984490576,40.32614885833542
107.1726939211409,60.485289143050146
54.05186125117053,54.43221582433886
132.63497086602766,50.1863469559316
84.71069037385865,61.81139929247804
142.9712717471762,-38.45781767130834
42.86501979769231,46.173564100543196
31.848412340359097,-26.545838362755312
118.88965787888338,57.501717907084405
63.87504821499701,58.41397729712424
147.62302599287233,-28.222007595785303
98.90204538111782,61.59597402906427
49.108720972220176,51.522112416025436
128.1406878237531,53.28364760884811
76.15796489374785,61.06801513573644
145.07152432695045,-34.633865576886265
111.97968869802428,59.57278540104359
57.44157456863195,56.13173088820235
148.88944526665188,-24.188673592633936
135.1484046328893,48.20241223227261
90.14882474792091,62.013594871152335
44.961134131546395,48.32284324830732
31.05464751850646,-24.056037532686158
122.77926767014455,56.0623953559118
68.24260369306393,59.66243111461251
146.8115397336231,-30.71318999009231
140.37383165698387,42.53461126796643
37.188929527069895,38.944228901242425
104.15056749197588,61.08194288618583
51.94776609905253,53.42989248683701
131.13103503990203,51.46804996252897
81.35565959250896,61.706894526996294
143.93298880815362,-37.04971917665505
41.497228766665685,44.89572891487321
32.21600165943961,-28.11734337876156
116.45992180381548,58.437764034903665
61.20447790860627,57.68028427461453
148.24413369185152,-26.7150912670867
137.4024473684794,46.12850368627509
95.61639836663336,61.9379214189797
47.31824198986035,50.39378185161682
126.31437034034182,54.46001677578147
72.97610326833838,60.698000244154045
145.88596409916735,-33.180898139683066
109.16352617714166,60.31229125319738
55.123706548405615,55.21939442296002
149.4111436930378,-22.6551050444498
133.81927963302306,49.53917564946796
86.75558341318418,62.080070512940004
43.444651681746436,47.094000614161246
31.362474184763084,-25.63852786619652
120.58581296639629,57.10289961422099
65.35319979094565,59.05487142887798
147.50038042502382,-29.223600293626173
36.20914270592274,37.539749468807685
101.0011333405095,61.586231010898395
49.96588457011905,52.373038150341614
129.50881659600958,52.71530172030832
78.03591610026669,61.49713579708487
144.8345762520242,-35.62115481745174
40.214584332305954,43.58665505403497
113.87363296480976,59.30587576190274
58.663199404949616,56.87109949115321
148.824762115551,-25.195499840679915
136.23088838516216,47.51223329535291
92.2550295879464,62.17649306272154
45.63670229918838,49.22143943577873
30.607735982489682,-23.13501818298426
124.34995594899932,55.591108443861756
69.88502783602405,60.23105519888642
146.64908992400873,-31.710995303727294
37.5256876123048,39.91548404426459
106.20022229766262,60.968182190196764
52.93453611481996,54.24500871663171
132.38382706960437,50.84700285223981
83.35546322007151,62.03921625691871
143.64371110363942,-38.029380454045004
42.022334534444546,45.82964887695195
31.70530985609757,-27.21710198181741
118.23874747001217,58.08472845202905
62.586221886556636,58.363085167865584
148.14506780671582,-27.719908450910005
97.74013359848769,61.99293956155191
48.1021551788754,51.26595406865043
127.76009865273389,53.92431212057715
74.77592403627011,61.18420106903129
145.67958467983584,-34.17363672427233
111.1304882052862,60.0999176680115
56.25366385721312,55.991621199154835
149.36698064509451,-23.664113557741324
134.9644121207544,48.871718088857456
88.8427544691664,62.30879123661614
44.058863120738785,48.0086284692037
30.89282947073854,-24.723794224481807
122.23986442515756,56.67209835542862
66.90093442280633,59.671445144733894
147.36382492573318,-30.225372378704606
36.50856031916534,38.51858245731919
103.09882842583042,61.53445632527795
50.87158607731755,53.213330574823004
130.8340989463334,52.12267748137814
79.97572301832183,61.89127637630738
144.57937928118275,-36.60735347548676
40.688913141350085,44.53262808906494
32.084976704449744,-28.791121134719443
115.73376694803945,59.00209101296733
59.94865730460666,57.59226646832277
148.74797535578548,-26.203103607583838
137.2768059810869,46.80391554681523
94.38745789857226,62.297545804305265
46.35179147872515,50.11266734074785
125.87658581649819,55.09089375933484
71.59760485921345,60.771186593753306
146.47133203801104,-32.708551545574736
37.88510342030052,40.884424423026225
108.23330233020559,60.813625507572524
53.975993036059975,55.046971060757
133.59564942420093,50.20425063725394
85.40660127029497,62.33306621510394
42.579311396326425,46.75861863623724
31.211749305201607,-26.309080142693496
119.9772548106316,57.69774332752433
64.03641379613117,59.023984637815694
148.03288206558895,-28.725148083051522
35.555301302266756,37.099978044642214
99.87268852921612,62.0054525949918
48.93113934758271,52.12887514866194
129.16179724365878,53.36262563574837
76.64265074678991,61.637704814473544
145.45621022916677,-35.165637760299994
113.06869529425585,59.84888747268106
57.44444654372998,56.747717211780746
149.3112944124541,-24.67410089169484
136.07105006452556,48.18487213672545
90.96671914018208,62.49643231829906
44.70953818131204,48.916920873052646
30.438976938913015,-23.8019196162627
123.85013984269946,56.21043994409909
68.51963590004952,60.26204793789846
147.21290839882926,-31.22717213324119
36.82894246204402,39.49557675886228
105.1886204205383,61.44075687465737
51.82841064736414,54.04210726419528
132.11674135549256,51.50681388632779
81.974638967822,62.24881040342847
144.3051619145289,-37.592249718131235
41.19260006876464,45.47441512969028
31.56619685254445,-27.890269275178262
117.55649112122278,58.662396476653306
61.30047709990606,58.29385258569734
148.65877306568726,-27.211353825674372
96.53955699464883,62.37607405494549
47.108580910462635,50.995884420831906
127.35840334994354,54.56288474913604
73.38044218218532,61.28108026355805
146.27770885374443,-33.70568941610269
110.24413941984285,60.618800309996004
55.07488293533603,55.834716629516265
149.83704373815135,-23.13374864015382
134.7670663856157,49.540750964312025
87.50447526989485,62.58707326507036
43.16987986005088,47.68217321314002
30.734782346288185,-25.39357771161077
121.67309871532487,57.27791209324148
65.55704388301294,59.661414108176956
147.90718328679048,-29.73066834645633
35.83933708256194,38.08414032867811
102.00722459159631,61.97527900657205
49.80766028647248,52.981761621048655
130.51939405762639,52.77604773427831
78.57468781620054,62.05678293997115
145.2151576295401,-36.15670880566156
39.893354358062695,44.15877171945401
114.97370500243642,59.56004643884314
58.69878561162227,57.48642057453606
149.2438181045503,-25.684942185294123
137.13997142102673,47.479505909296975
93.12138924932961,62.64201749523199
45.39869044534647,49.81831085256757
30.000431833131202,-22.87317431083135
125.41536935251247,55.719075950407024
70.21030141078566,60.82496540740367
147.04714177465365,-32.22884312720408
37.17126141278093,40.4704781440826
107.26416026020748,61.3054238017045
52.839059099538964,54.85841746486939
133.35713968815867,50.8687280947055
84.02914102612085,62.568171487345865
41.72720585758807,46.41160559078086
31.064882578379528,-26.981572465018633
119.33869176872007,58.28784147300106
62.72108846699566,58.974392861895836
148.55681467671948,-28.220116976255913
98.70444124991089,62.41158750808284
47.90938695749121,51.87039782517738
128.7949744936428,54.00821547654594
75.23305805186273,61.758961627961355
146.06761761703376,-34.70223304915298
112.22744292481975,60.38438726598418
56.234021742002085,56.60710347330599
149.790155849504,-24.146794637413922
135.8987687544945,48.857432978874755
89.64375921579041,62.799988491067
43.795883949961286,48.599812843527005
30.273888432249123,-24.47088163817228
123.3243865093308,56.826383159499834
67.14983544181483,60.27372703474235
147.76754422774206,-30.736323698662236
141.15951430775579,43.1215703592872
36.14366650192022,39.06666193428613
104.13689114560894,61.902433735831714
50.73431641698286,53.82376831332955
131.8330532210348,52.16565271333532
80.5696911166247,62.43972928008738
144.95568901024544,-37.1466484964562
40.37593664415281,45.108133934166744
31.431056530096484,-28.565290159846455
116.84155833390403,59.23435130511117
60.019394674186046,58.2063830716887
149.16425899360777,-26.696510815593435
138.17203244254964,46.75645634112612
95.30015367748469,62.74474338669146
46.128469414262675,50.712187372963044
126.93466034900875,55.199171953047745
71.97345638208904,61.35842857134965
146.86599521925513,-33.23022360797093
109.31936639891627,61.12892521328045
53.90633878894222,55.661236984822615
150.29975350637326,-22.59772857616861
134.55585306501058,50.20941130817401
86.13491087835332,62.8478786755708
42.29440692872669,47.34375898514386
30.580475312643884,-26.065335975393214
121.07774613781753,57.87954328854787
64.21276484989531,59.632336296403224
148.44172903077975,-29.229256672456945
35.181197908602435,37.641128473044425
100.87501277884634,62.403794750183934
48.75666658209441,52.73545979606026
130.1861545954718,53.4280121206135
77.15429845592445,62.20304356441867
145.8404065701432,-35.69799923167767
114.17836742369055,60.11120610581278
57.45627176515333,57.36290603715975
149.73178160523406,-25.160766924030174
136.99155261117195,48.15519508503279
91.81844480182748,62.97070947669648
44.45929861496119,49.51099951891502
29.828564296899714,-23.541266568533718
124.92965951287627,56.34433607482775
68.81616621047023,60.85920394532904
147.61350114163602,-31.741964349374904
36.469222854787894,40.04730191442777
106.25494948827804,61.78712680631322
51.71383606925193,54.65398322037506
133.1031458751036,51.532493174977816
82.6245149081184,62.78488372056783
40.888484122720925,46.05323852666062
30.921850765253147,-27.65595441804041
118.66880545791507,58.872853119294376
61.408926367374576,58.90616756640275
149.07229682848214,-27.708678035174984
97.49598151527684,62.803996519276986
46.90116641523178,51.59789112263824
128.40746801070767,54.65189694567808
73.80906475235857,61.860626212197054
146.66889507847102,-34.231145833925545
111.34851987579029,60.91189533980425
55.03314990393018,56.449463039373114
150.26146743237067,-23.613734135391287
135.71357909428943,49.52982549473937
88.28683918367463,63.08656276902236
42.896003186943055,48.270401882015975
30.112434437308373,-25.14185173659528
122.77151575986986,57.43867147090007
65.77755637251532,60.266047245891336
148.313112250635,-30.238633208080625
35.469804468302975,38.6289715609294
103.04409186745796,62.352608974753736
49.65301928259749,53.59026275041256
131.53205697676998,52.82338564837271
79.14225926351865,62.611546625837356
145.5953711545174,-36.69279654794658
39.57243186258839,44.731075951747165
31.299874374886176,-29.242115666355332
116.0925641239174,59.80019954878842
58.744511037204106,58.1008109999444
149.66164702027743,-26.17554306444363
138.04629980841946,47.43490333158352
94.02191335609784,63.0983030090849
45.16223706661632,50.41515320252546
29.39832401579109,-22.60499542545913
126.48786771108998,55.83296870888184
70.55698138389994,61.416060098185646
147.4445511003363,-32.747435690251315
36.81701328781012,41.02580539820274
108.35489185090275,61.62975759146435
52.749071535862875,55.47142216460589
134.33022188274543,50.87759544826588
84.73517660870118,63.09065811215168
41.432626237513716,46.993668740482654
30.429879231226746,-26.73901819302968
120.45251659854831,58.476680224026545
62.869919154556506,59.58424650420467
148.96758198522113,-28.721312581831768
34.53406631818057,37.189769591201184
99.70154408898279,62.819366524626375
47.71921970578077,52.47470995128649
129.8335631145607,54.0784139781118
75.71643760127094,62.329720521248284
146.45522053105933,-35.231435344901016
113.34634461938018,60.65512065957586
56.22246615397007,57.22190917125737
150.21198892973706,-24.63073436302782
136.83113076185705,48.83090088591051
90.47905685460749,63.28299267863881
43.533926045259825,49.19102456505192
29.66023744230737,-24.211398964800196
124.4183296637881,56.966432836070425
67.41721248487622,60.873808854223576
148.1705254048593,-31.248103067940942
141.98868125839454,43.01748173045293
35.7789403374504,39.61513400606344
105.20455123838437,62.2581489525938
50.601186943245516,54.433934054967
132.8330215052356,52.1954256344463
81.19421855652861,62.98272235694446
145.3317498567971,-37.68642443917332
40.06325963054344,45.6837945604997
30.782632619774585,-28.332176726770356
117.9662153541304,59.45241595018544
60.10159427016846,58.81941372764076
149.57945168207178,-27.19099880743401
96.24703364585093,63.18202515804141
45.90695785576564,51.31164770184572
127.99833931162286,55.293485635919545
72.37269977666939,61.942456155540285
147.2601490604081,-33.75257767094255
110.43055021436251,61.43090502007506
53.842989035301464,56.27502331422766
150.72535289255762,-23.07506913532646
135.5149829167774,50.201955941675855
86.89684444294001,63.35556376300789
42.01011524270968,47.92897671268797
29.954580408135833,-25.814778616117305
122.19027939298176,58.047021413291496
64.40473361820368,60.23900186987924
148.84973343804336,-29.734280256660018
34.80728515411989,38.18273442327598
101.90935088416067,62.7906548175662
48.585218387930055,53.34187395437883
131.21299846250727,53.479872058994204
77.6941440863508,62.763866207053304
146.22429992125382,-36.23091016432948
38.78214245131778,44.34351081116403
115.30807061863713,60.35952363117014
57.47730868101442,57.97730040458945
150.1510622962007,-25.648610763149758
137.9094151815041,48.113534157598245
92.70499528399539,63.436100763583255
44.21024655651764,50.10507736431596
29.223379968862428,-23.274244767733713
126.01695940640485,56.464057493728646
69.13309461860912,61.45382897263272
148.01349194557363,-32.25751839750722
142.83418746269632,42.21623715287442
36.10957139641571,40.599374611764084
107.34944789537764,62.12073521469471
51.604050920519086,55.26553052199373
134.08958395789028,51.5451951711548
83.30658470275654,63.31487938674625
40.584680829537945,46.63218606547075
30.282966698858246,-27.414574707546436
119.79605248048247,59.068991317527846
61.530304196053976,59.51721562454992
149.48486699430674,-28.20700771926281
33.897852430020876,36.73028292637697
98.48628277697343,63.22133772836759
46.69587142263004,52.199806172303404
129.46074687045154,54.72708782789991
74.263115609077,62.436512226666586
147.05970464340973,-34.75722412248002
112.47619060416388,61.191314222656715
54.998653569931236,57.0636416578857
150.6845661328894,-24.09499766376354
136.65825730215303,49.506538335253474
89.10385243906197,63.57823963266754
42.62283472221238,48.85868025746001
29.49541176227626,-24.883519671462007
123.88018448444559,57.58510971848268
66.01547758602862,60.868727003436945
148.7183365316519,-30.74744346919802
141.9506750861277,43.703031294919874
35.10034898739091,39.174209555160644
104.11189321335408,62.71787828716714
49.50190464351283,54.19855020812513
132.54607505051007,52.85739930017267
79.7399296239876,63.16123307750965
145.9754067431506,-37.229379916913594
39.25161204736548,45.30355019137447
30.647208949640035,-29.010191230158984
117.22947874371692,60.02614474540255
58.8007118947674,58.71426883256538
150.07840646793534,-26.66724331623462
138.94941429948295,47.37858721750636
94.95747578958199,63.545006008813075
44.92718349417027,51.0119666348436
28.80137575912843,-22.3306447358665
127.56658790054159,55.93278610948997
70.92607985818796,62.00424901963815
147.84149489891783,-33.2667264188043
109.47214652271573,61.94088165936385
52.66462555753756,56.08403268029955
135.30244676923036,50.873726799518415
85.47486592178622,63.60641173621152
41.13839705722142,47.575827342536165
29.800293306756245,-26.48961216673666
121.57935840754045,58.65113130200836
63.033292117647726,60.192622723742694
149.3775342465753,-29.223440793985162
34.15602266587876,37.728175870048595
100.73188560749831,63.21592021456187
47.53154580005016,53.07889624961551
130.87507151523906,54.13496369667439
76.22729949866368,62.89632555539873
146.84257860812386,-35.761202006116925
114.48658963537686,60.91188027659276
56.21920749004316,57.83604356367259
150.6326332374301,-25.115870654381432
137.7609768345269,48.792271534958296
91.34974604772772,63.7574801554628
43.2728083809833,49.78225933259667
29.05184977340994,-23.945512838426875
125.52080144628808,57.092207180608725
67.70391991906321,61.47163073877819
148.57294053735663,-31.760660737399
142.81297355553787,42.9029847811376
35.41418254073614,40.16396680728443
106.3017887724281,62.601267805670844
50.47217366731876,55.04383716342418
133.83330889079738,52.21209725629319
81.8506470707021,63.520031901118585
145.70775523606002,-38.22664486682862
39.75067679003205,46.259594411342285
30.1397120913805,-28.091956996651916
119.10692718399082,59.65612360973034
60.195679886244356,59.43134990816365
149.99371335551575,-27.686510133849723
33.27245408653865,36.26288408375891
97.22882648822345,63.60903389742497
45.68711117824091,51.91105036413413
129.06677393598181,55.373858550338696
72.79645754627165,62.523156209188045
147.65397377715632,-34.2755688015917
111.56642908287985,61.719283039930545
53.786047126789086,56.88833888545727
151.14964185567808,-23.553706630335395
136.47245161781117,50.18201935965808
87.69366686719465,63.85582853474308
41.726240377005446,48.514262905570774
29.33404905956643,-25.557578067382476
123.31395646899946,58.20009369012059
64.6130066895017,60.843945924619455
149.25706249689694,-30.240166022189523
141.90462085067622,44.38933938551138
34.43336782029242,38.724760301487585
102.97596643016057,63.16567660437572
48.41671101691838,53.94812478615886
132.2415665562792,53.518281489167585
78.2635033569081,63.31999198838174
146.60807897499643,-36.76433059967109
38.453589165346315,44.9127806616754
30.515562678481306,-29.689950846551145
116.45709141914065,60.59362979515443
57.507841454014624,58.59090161086039
150.5692919943234,-26.137572061802977
138.8241557245281,48.06004828171625
93.62735997405338,63.892261484721196
43.96220897216406,50.69915214274288
28.62338985871422,-23.001017700832158
127.11114719206684,56.56959089349978
69.47139336969389,62.04584434230562
148.41305596533172,-32.77378615259433
35.749785341114865,41.15176473805952
108.47192020044695,62.44126164357904
51.49907055720922,55.87675874176601
135.07539921978102,51.54503637014803
84.02220728915712,63.83854311804051
40.28098512893765,47.21124421673773
29.649541633892866,-27.166303434406284
120.93736041107181,59.25067976079446
61.66513200263866,60.12697974650836
149.89664601231775,-28.706287096657757
33.51591764169912,37.26551761383185
99.5110225903623,63.62773192782582
46.49256674908069,52.80163337447321
130.51741415761958,54.788503971538844
74.74382191337507,63.00859952863691
147.4503211921085,-35.28388096297099
113.62658645896802,61.45679897270546
54.97155707059936,57.67725939235566
151.10649109935287,-24.57747604341928
137.6005541196244,49.471035680035556
89.95671677702965,64.06178409537989
42.35018262458137,49.447001505222495
28.883690501961915,-24.618748447805533
124.99818788554575,57.7171718403225
66.27161025547164,61.469403334612096
149.12302624113437,-31.25704793469175
142.78427671022538,43.590586774211815
34.7307717210387,39.719820405481535
105.21070567967288,63.07073664899762
49.35426167666529,54.80663221107239
133.560721589381,52.87818297292868
80.36907502287474,63.70563117964283
146.35545677814488,-37.766420590232535
38.93068524310827,45.87617639006354
30.00009161068111,-28.771117643721375
118.38364419156132,60.23770115863173
58.86775629072444,59.326789912547305
150.49425428957773,-27.159984273590037
95.92892765191957,63.98176488735879
44.693367211853314,51.608750870289676
28.20954621626531,-22.050282545019446
128.65064905659807,56.01854048520752
71.31868787293703,62.589431757889685
148.23815161531863,-33.78666878358899
110.6155612109583,62.23849416809223
52.58578321115863,56.696258171719776
136.2731985923728,50.85725244493714
86.24955547805612,64.11514768952074
40.844314484372156,48.1580699203545
29.176112464835242,-26.23352470397897
122.71830245275903,58.8110938078087
63.21183631597393,60.79949384127123
149.78683662425647,-29.726447451740516
141.85029192892108,45.076351137121804
33.77790105558308,38.26701435928215
101.79584418305828,63.60087991173563
47.34625653813505,53.68296211985055
131.9187039930972,54.177932366991904
76.76696501975535,63.45860972830493
147.2298791298678,-36.291491310254365
30.38767891509972,-30.371409547287456
115.64748929568447,61.15443525701115
56.224478169024174,58.449510524113414
151.05224218673314,-25.602142030314923
138.68780081634054,48.741700987676744
92.25693229151346,64.22310710655483
43.012345041797666,50.373512385881185
28.448694006655835,-23.673387061084583
126.63088022304773,57.203679386441955
68.01088263237605,62.06712523063003
148.97496285478843,-32.27394709397327
143.63212200764778,42.778266967458755
35.04919038639556,40.71312812223237
107.4284938622038,62.931451540460436
50.34725699542838,55.653486511398484
134.8332279156758,52.21577834607999
82.54038936869566,64.05141524599843
146.08390139715513,-38.76727308546174
39.43797758774583,46.835517426406966
29.502295462283623,-27.844804594488558
120.2628173195332,59.84532414907721
60.30211424579477,60.04218023837915
150.40720437633527,-28.18298776155952
32.88685842556943,36.7949775578527
98.24621929786169,64.02539606022827
45.46878042955992,52.51039698707278
130.1391045104511,55.44032715115377
73.24593666431369,63.10040361590417
148.04765132984926,-34.79915203620811
112.72648502213474,61.993780432369526
53.73563014664458,57.501191666470156
137.4276852412226,50.149744021029846
88.52667920813708,64.34835910492477
144.78339976846377,-41.2090498856273
41.442580963656916,49.09960816209778
28.718860372205242,-25.293901597283654
124.44783673927563,58.338689436320074
64.83832986807985,61.447127639290905
149.66388429524082,-30.74686138835562
142.74790061812195,44.27899161220063
34.059247664140806,39.26717022897605
104.07504389589492,63.52849446677566
48.251061031513935,54.55421904920301
133.27109882565668,53.54332752532065
78.86377570286699,63.87122343593688
146.99193486198527,-37.298220396031745
38.124744398322925,45.48221312093942
29.86408333577397,-29.452010311622182
117.62463678104858,60.8133233531967
57.548182149268015,59.20370915416813
150.98662644350304,-26.6275909874223
94.58651576796296,64.33882756894339
43.715008091630956,51.29322114906564
28.028555588982684,-22.72174600097105
128.21130923685257,56.660936449396715
69.83211302272997,62.63516218773707
148.81236977516687,-33.29071955129941
109.622075258845,62.74838424803522
51.3989174705298,56.487676886480564
136.05994591626526,51.53214226688977
84.77280304585881,64.35560029767225
39.977186412452404,47.790398940445804
29.021566457473483,-26.91131127840691
122.09180025593199,59.417799707980585
61.81397801318162,60.73543928785701
150.3077969672183,-29.206460717932504
33.13383938636255,37.80119601680218
100.57070315584225,64.02279928752704
46.291120665563156,53.40337614146587
131.57663930344475,54.83620425010708
75.2524990404153,63.57673540902825
147.84093042807405,-35.81107293851633
114.7990511747843,61.70809746241199
54.95204189568112,58.29032204725412
151.52739365763952,-25.06110670869743
138.53993788518147,49.42347056766718
90.84665272475402,64.53685530327812
42.07784953668507,50.035358312151295
28.277241920458586,-24.3477022192627
126.12457517135798,57.834816664604624
66.5468250695991,62.06801950936756
149.5273526143885,-31.7673955647673
143.61271698236962,43.46782970588403
34.36087032488621,40.265769861707874
106.34051602610243,63.41082744374634
49.21003783551814,55.414516554805736
134.57527638716064,52.88584133021041
81.031151340799,64.24451126708885
146.7357164454636,-38.303879998456566
38.60943635484353,46.44893598421116
29.35852647020782,-28.52506891900251
119.55418346547967,60.43469888717277
58.946047043612786,59.93836775199889
150.9093487471979,-27.653707703036805
32.2687221938912,36.316769647160385
96.93708741475874,64.40820008335926
44.46062129328645,52.20550521101948
27.622790646552122,-21.764066290943276
129.7391563947478,56.09025748872556
71.7359817478656,63.171496913201445
148.63470140500488,-34.3072162408003
111.7846747751715,62.522295071700476
52.512617102993644,57.30810711805433
137.24187481987326,50.82831088460123
87.06064002102848,64.61655996648228
40.55016885957945,48.74038448737015
28.557318757427996,-25.970923452576095
123.86838583803655,58.956480414062824
63.40623613739761,61.40482756963848
150.19565513814152,-30.230278649556478
33.399504198553416,38.806247273978265
102.89372234134296,63.97386561676713
47.16324178099836,54.28691258202476
132.96366549002474,54.20739944777941
77.33684496280017,64.01639008420005
147.61731177706125,-36.822261366599506
37.33286162833931,45.077983633317224
29.73166727544261,-30.13458971028965
116.82826858724022,61.382563144658334
56.238534478782135,59.062312498337164
151.47096942343666,-26.089487543075364
139.6111130991603,48.67935136327215
93.20172015053379,64.67950907612673
42.752344600514185,50.96477850270119
27.85073423112904,-23.395182631557038
127.74761906786544,57.30083665741888
68.33910221262269,62.660216669653664
149.37676697403776,-32.78791260459315
34.683757303798494,41.262585341199404
108.58445845908211,63.24835839693203
50.22642184833391,56.26289050774089
135.8321011525138,52.206589283246466
83.2649302526295,64.57660953035243
39.124945676842614,47.411547016235694
28.870376887754357,-27.590890607491456
121.43294550715501,60.01987998874144
60.42140254176472,60.65189033219873
150.82008572705385,-28.68037500727163
32.501061204631455,37.32752557152333
99.29984665827918,64.43072219069157
45.25181280411374,53.109688803959756
27.230933643490758,-20.800578459630948
131.21446412888056,55.4929408401101
73.72243490882538,63.67406030088982
148.4413656993394,-35.32328232627826
113.91010287115547,62.2541231961786
53.691869938128946,58.11358876666778
151.99488530335307,-24.514616113707124
138.38012510679388,50.105279768616306
89.39721405666032,64.83281973767772
145.14649405575514,-41.76024902226192
41.15892959083216,49.68500257656767
28.108988304927408,-25.023913754757217
125.59094069370379,58.46275218411552
65.08151357930622,62.048500392740266
150.07036801644512,-31.254313949636064
143.58600109475697,44.15823561546387
33.68472304774682,39.809927988690994
105.20667832224446,63.878734564970706
48.088185068900465,55.160163124568655
134.30084055672123,53.55510831498989
79.49644829670713,64.4173451136947
147.37606147250816,-37.83253917928376
29.218207979332764,-29.207050751086904
118.80983427608675,61.018413674160094
57.598673193545544,59.81572066560327
151.40322179742083,-27.118608159785435
95.58341742480007,64.775415414728
43.46846078318707,51.887281236865114
27.43883469102798,-22.436587481017305
129.31651462407126,56.738108263738
70.21638909829652,63.22168469263698
149.21161162012538,-33.808270534245686
110.79951949589314,63.041781543256945
51.30362167739534,57.09829342402484
137.0425912343218,51.50664714714335
85.55985282619972,64.86575478245777
39.67306790534437,48.36963566396163
28.399026195670533,-26.649766310989346
123.25838868728454,59.57024617284194
61.97746158719988,61.342569726139864
150.71848377793896,-29.707473405415776
32.751421580636034,38.33727851371958
101.66575562846866,64.406146682206
46.09139842875954,54.00503751213616
132.63759053132435,54.870259934323634
75.7905565662192,64.14075210231098
148.23172040889523,-36.33875647550245
29.602825426988566,-30.81881157142178
115.99283520984821,61.944965209067036
54.9403093921752,58.902834314404174
151.94742536049552,-25.545827646448554
139.47589369427214,49.36400260005371
91.77489263353962,65.00309063137604
41.8056319310384,50.62374287605577
27.67603257507064,-24.07054238997187
127.25836578110379,57.93801754553367
66.8420668373575,62.66451157440871
149.9314882378694,-32.27843541935707
144.43572893109342,43.334948875126464
33.99043863664415,40.81202328152691
107.50121132648091,63.737789265549274
49.06918265182581,56.022210644174145
135.58902852628975,52.88048928992052
81.72769669227884,64.77762381830577
28.722510998574226,-28.272216595779113
120.74014877501082,60.61698047130434
59.0360248496485,60.54899341275941
151.32384870519542,-28.148355741137426
31.879433771520418,36.84621918642613
97.98272982164417,64.82391429027103
44.228773796456366,52.802228545267205
27.04106059689832,-21.472150589264178
130.8312052047527,56.14797637750316
72.17922997356959,63.750321177889376
149.03132639751527,-34.828322178556576
112.97892298944151,62.79198796732979
52.44521112283866,57.919587333020885
138.207888131583,50.787048563202
87.90955917108317,65.11032014638086
145.8487013382969,-41.31240576539469
40.255744045235794,49.322758524935004
27.943888853488634,-25.701973397450885
125.02860112994256,59.08721836206866
63.617236570524234,62.008586667889645
150.60415687391895,-30.73488067286492
33.02063145687632,39.34583649959631
104.02573542902583,64.33448713368017
46.98238957635962,54.89075230062088
134.00916493350277,54.223456110018205
77.93844484126068,64.56946645832332
148.00506894039592,-37.35347006089902
29.08131499542462,-29.89070548013408
118.02806567570647,61.59605160857237
56.261658651057125,59.674450461627146
151.88896899127573,-26.577846717181156
94.18520408525816,65.12630059067118
42.49260945444413,51.556051994106724
27.257930243978624,-23.111057777275132
128.87004996526616,57.383680732747564
68.68966374925806,63.250820501568185
149.77852913951787,-33.30250775774727
34.317672453922526,41.81230540733062
109.76936836921183,63.55164535742985
50.10965781782903,56.87205712751124
136.82926370613762,52.18465985858907
84.02582710434635,65.09533038964484
38.811358274735426,47.98766603032911
28.243944401068283,-27.330383576039242
122.61631041745777,60.179667408724384
60.55409640844759,61.26046260094125
151.23251919942126,-29.178615478884705
32.11486777050001,37.860486738127925
100.3902786314161,64.82460752067757
45.03605107042294,53.708926661084064
26.65694875486187,-20.502095526986555
132.29198254135343,55.53176210708212
74.22734766334574,64.24397414420072
148.8353031661493,-35.84791448476271
29.477541839616574,-31.504632623766213
115.1165671391548,62.5000440481307
53.65491426170395,58.725536439578384
152.4161385065843,-24.99676146818851
139.32922947227237,50.04878353310649
90.30662963401346,65.30885196228238
145.5102988590572,-42.31169148792594
40.87507212696058,50.27043572319922
27.50440188839031,-24.747776388542853
126.74225404587804,58.57224048514497
65.3434389031079,62.64801129751941
150.4766841578934,-31.76247141496084
33.30958856030694,40.352996975933735
106.37086470006118,64.21601632231861
47.92799959232299,55.76596304136101
135.3300454231812,53.55373292737898
80.16309992286162,64.95812226815725
28.577937450841773,-28.955244211590355
120.01173313067726,61.20872234323193
57.659690127316836,60.42693182052902
151.8192347934552,-27.61056458747811
96.61898653772178,65.2016218746558
43.222377890497064,52.481328818401366
26.854180796100884,-22.14569717486252
130.4258193860959,56.80113471672593
70.62544935482921,63.80530323459186
149.6109616683319,-34.32639099103236
112.00375067387257,63.32113429688076
51.21322117141419,57.70861630882253
138.02271746455406,51.46869383352039
86.38489603152031,65.36868766347438
39.36840600413262,48.948939249584754
27.781900247671615,-26.381833995549396
124.43609159875477,59.707929036947036
62.15625807309753,61.948342379554454
151.128871395511,-30.209270194676343
32.36846484953252,38.87372516264568
102.79652785890949,64.77736868079081
45.89326177527563,54.60662016626086
133.69943847185547,54.89075470689166
76.3595045483247,64.7004655433097
148.62288184270287,-36.866887790168505
36.2107330583493,45.22692404871628
28.947824250112173,-30.575989510980897
117.20709443589702,62.16716721328762
54.936582447910254,59.514799750247136
152.36673814710343,-26.03157733031837
92.74267224655097,65.46010507545756
41.533319408927156,51.21214689054185
27.08002452445404,-23.787427636678345
128.39855377562262,58.026762972317705
67.15836131960702,63.25880773958611
150.33560728032384,-32.79011659450036
145.25306253181446,43.19213467044559
33.619266268839766,41.35854557732174
108.69256964485659,64.05125764295285
48.931647665355186,56.62972151675921
136.6012791064583,52.862251829255754
82.46033346797394,65.30469805549636
37.9650812484328,47.59477831009553
28.09203627596906,-28.012729732795677
121.94052390222714,60.78440233029881
59.13817183589608,61.15865536077404
151.7379138108423,-28.643870834982923
142.52113093436208,47.03959354275971
31.489699647321597,37.376090414618304
99.06657351603504,65.22849284416499
43.99764711695378,53.39891935223331
26.46430408164257,-21.17468727631298
131.92588496333698,56.1917502106715
72.64980066087698,64.32576830184703
149.42821096516099,-35.34993985839824
114.19763426427707,63.047282054126626
52.383661275340174,58.53070598106879
139.17066827643532,50.73361957149632
88.79779281389949,65.59607630814807
146.21779815241428,-41.86064487488991
39.96081673102075,49.90517895578676
27.335794266337988,-25.426836872927378
126.19790053913236,59.203250370878
63.84564899392706,62.610728546988554
151.01251019058728,-31.240199940323482
32.641078479525895,39.88574354017435
105.19199978107513,64.68234542670238
46.803585747645236,55.494485600842104
135.0544185529559,54.22620514331799
78.57337011872123,65.11762010046485
28.436626349507243,-29.639929459346547
119.24593233110247,61.79470017564045
56.294161196001895,60.285923863888435
152.30639549885925,-27.067159481257725
95.20845775166732,65.56307490178166
42.23293510630364,52.147326690132466
26.67023774877049,-22.821167982875778
129.99718829224085,57.452228308247825
69.06374335068715,63.83884249970911
150.1804274658504,-33.817683003605545
110.98279564937941,63.84097006513297
49.99695934935285,57.48099393717043
137.8240655980168,52.15012901848249
84.82470958163552,65.60727057771234
38.49698550414519,48.563856724609025
27.622980158275354,-27.06344949151275
123.81185305481407,60.324577794469924
60.70079836709711,61.86787602665295
151.64466758430177,-29.677653012889962
143.459955105317,46.23401962248703
31.728080243813842,38.39381935626093
101.51800770805983,65.20663277838982
44.82133296252239,54.308111027727314
26.087839834581438,-20.198244770774274
133.37079004814245,55.55686658564717
74.76217515692868,64.80997777052883
149.22965259755344,-36.37300312392576
28.81771424806293,-31.26286024026892
116.34505973965155,62.73128437066365
53.62492810754544,59.33704008244508
152.8366790296678,-25.47995035862099
140.27447508199361,49.98041900754478
91.25630237803048,65.77607373126033
145.87503235601665,-42.86334450387663
40.59078699111605,50.85589662973281
26.905065442428057,-24.465648663420623
127.9007322961857,58.66712861378277
65.62506429111075,63.245600666340486
150.88300474935374,-32.27128155025536
32.933634625655735,40.89634014277048
107.5674872352042,64.53995409861767
47.77042062842529,56.371624499287236
136.35797846302464,53.53932116987629
80.86540460625739,65.49329936254803
37.13424177705981,47.191272906731065
27.943265922066526,-28.696760317280365
121.22930617902884,61.384084737046734
57.73164471351277,61.037336236881615
152.23482292584794,-28.1034016040822
142.44285064839153,47.73122265703801
30.87576416763826,36.88430357919482
97.6940990122538,65.61702440811518
42.976563514997025,53.075359858178814
26.274543823161864,-21.8492273718843
131.5382709048788,56.85005871915749
71.06062174699484,64.38589742207135
150.01060226947894,-34.84503269675714
113.23415230815618,63.586127560304
51.12776242894183,58.31865299952512
138.99972404937415,51.418433378535276
87.24952754803975,65.86405599363226
146.9122980997102,-41.40103897251477
39.06296957681087,49.52829396416954
27.170162623588364,-26.10767719705577
125.62382829921579,59.830774081735704
62.35110424361304,62.55272408047516
151.53912600345905,-30.71179626866793
31.98476617454403,39.41049564299515
103.96327141326832,65.13604876474727
45.69656838118517,55.20812643968508
25.724347165174045,-19.216576886325775
134.7613597528293,54.897784600346
76.96096003617858,65.25567399317137
149.01460839262887,-37.395422829724666
28.298549273010053,-30.326229356950137
118.44088980684468,62.374479824244666
54.941107400986915,60.12622074913373
152.78548450034347,-26.51829465947636
93.7512206219248,65.90749074070924
41.260693947406494,51.80056152556625
26.48917553689674,-23.498513935607818
129.54411256175254,58.10105707287024
67.4968228186549,63.850827683801555
150.73988572340386,-33.302388164939
33.24713818857989,41.90530116367142
109.91425094101787,64.35086696050834
48.79738636846852,57.23705586985592
137.61134385790064,52.83126373242061
83.23076975070717,65.82544044985035
37.641512246209736,48.167821009692794
27.467087245424818,-27.746774894258465
123.15422740119804,60.936836145597695
59.253015556013,61.76733929508246
152.15170467651197,-29.14019567524406
31.099323644871273,37.90633994263622
100.18926735164096,65.62150432135593
43.76705728202971,53.99557569789772
25.892465759526313,-20.871825448801598
133.0222835357187,56.22164594594564
73.14916960682255,64.89768793872227
149.82554199628638,-35.872022355186374
28.690965318050356,-31.95127603339994
115.44002623576527,63.28789418952882
52.328076615256045,59.14146958653477
140.12966379162327,50.66818530498228
89.72685502926247,66.07345195847923
146.58791739615828,-42.409097871866436
39.66515569445337,50.48763211638931
26.733001581331827,-25.145673576793673
127.37520061423429,59.30453545371645
64.0923576393515,63.21120481488825
151.42088493015467,-31.746182941822443
32.26063682293975,40.42592945677647
106.39252056051143,65.01703420887463
46.62671346080436,56.09811648844509
25.373404031090434,-18.229881893988054
136.09865312201273,54.21576079136467
79.24333140405656,65.66061217078325
36.318811060831685,46.77744727275597
27.79759865430798,-29.382431893162558
120.48083534146718,61.97832195216733
56.33638353882082,60.89673056387531
152.72340428379707,-27.557366107381775
142.3553576376713,48.42333344549703
30.272899460905474,36.38533574749926
96.2725216156512,65.98940388055065
41.97310939689397,52.73859592784419
26.0876085538633,-22.525666027079723
131.12803751143164,57.506511356332076
69.46261642555048,64.42417788457996
150.58264218218707,-34.3333886965423
112.22419158082938,64.1159929069493
49.88832595821448,58.0897081176806
138.815874020424,52.10314455464872
85.66327828632522,66.11209852453644
147.59393830805092,-40.933118134090094
38.18158968569924,49.14010071793125
27.007460683644076,-26.790251792089066
125.01846091765374,60.45451879946497
60.862166836508074,62.47410590419346
152.05669486177885,-30.17743161142543
31.340497183498588,38.927481353678665
102.68343475291653,65.57636523503461
44.607490516790925,54.907241999895994
25.52354676438293,-19.889172113895263
134.4500214029834,55.56834301682144
75.32853015404092,65.37188720642541
149.62460573748479,-36.898502598418766
28.163679302861137,-31.014101906434778
117.59465871683825,62.94759621540678
53.602095166421904,59.948104224765316
92.24761783980864,66.23407864720963
146.24091815170206,-43.41517471242946
40.305844376671935,51.44137375301436
26.310938794476947,-24.177687085354783
129.06530568547493,58.747407167432485
65.92743305872547,63.84120140475099
151.28950357567163,-32.78069211283895
32.55664709557798,41.43991993937692
108.79630868673357,64.85015908331896
47.615363493066695,56.97715289218001
137.3839189390018,53.512003345064144
81.60513482206085,66.02259849344513
36.8019783612564,47.761139527568965
27.314181159879396,-28.431766256499564
122.46145274519786,61.54435155653673
57.81498843369543,61.646925351706805
152.6501446174235,-28.597060808024537
30.4820312431723,37.41150316177796
98.80957099755305,66.02118143464669
42.730814240562204,53.66936986296815
25.699870165272447,-21.547327655746614
132.65291243329028,56.88493786143816
71.5233431277225,64.96333401374176
150.41071821460093,-35.36414725422366
114.4899889449236,63.83645282108531
51.047300997366094,58.92841047914555
139.97302948010287,51.356024717759915
88.15539328200924,66.3514914958311
147.28747467744893,-41.94630782856059
38.756519212038384,50.10768344101951
26.563782180729607,-25.827456186464982
126.82047631995637,59.93872392351214
62.562804406401185,63.15567680289457
151.94941521673465,-31.21499689859814
31.600118532941543,39.94754919882862
105.16612797284033,65.48176079862913
45.50117126835629,55.809558331305425
25.16734966665436,-18.901468060396304
77.59665378543725,65.80615652809182
27.655001016051116,-30.06970202912302
119.69318807693556,62.56669261603571
54.95415618719724,60.73709850425344
142.2583242497694,49.115869105469656
94.80174824397852,66.34481645811991
40.987529091910815,52.38897740695926
25.903439296930532,-23.20395459061108
130.69399987991116,58.16092001371702
67.85866258722693,64.44048176474732
151.14450159652867,-33.815199121265124
111.16578844587657,64.63625257186762
48.66635415199739,57.844220083006924
138.61855561913325,52.787669282209066
84.04079991162722,66.33953313545523
37.31669423208465,48.74091695202876
26.847642969138395,-27.474516142753867
124.38011664481354,61.07417016843008
59.38113349791722,62.37502795062211
152.5653830598873,-29.637273136294098
30.708106114085385,38.436924014958734
101.35137543724562,66.00250137459335
43.536813193685774,54.59219523358372
25.3254871093523,-20.563711511418195
134.11949140204524,56.237744444028735
73.67892897607882,65.46591435537425
34.324721135213316,44.920020791629966
28.031991057827742,-31.703506071830528
116.70520338640567,63.513551023680186
52.278580313515626,59.75188404171661
90.69828628434657,66.54204499596729
146.95928226792836,-42.95772932081376
39.368521001410905,51.07010371833148
26.1354726819649,-24.85864058250311
128.55938742398132,59.391049621118626
64.35832684636661,63.809960760746435
151.82945262891005,-32.25277617568595
146.06214670298644,44.432145638803966
31.879093562084655,40.96635480996315
107.62717942849295,65.33814177775487
46.45165275085022,56.70164866417583
24.823456331918464,-17.90890527207934
79.95014949779608,66.19818210137544
35.978341182973786,47.34411641989046
27.16422254251821,-29.118380645327804
121.73165894818455,62.14674531853378
56.38870098209295,61.506866744220744
153.14015157731748,-28.04840714678655
29.876030547095844,36.90952055018635
97.37838880278312,66.40483809724967
41.71291167235296,53.329852532374936
25.509990766799184,-22.224702013145098
132.26159402458418,57.546577338699876
69.887666809687,65.00671033010747
113.49288043685156,64.37637924944546
49.783762488305534,58.69820648831713
139.8040754306622,52.043862752962234
86.54330219214786,66.60945684257565
147.9738568870971,-41.47522227420726
37.86492458870821,49.716378950322245
26.397357117759775,-26.510951368467808
126.23497286611084,60.56941541443813
61.03892176660912,63.079123541267826
152.46876639081012,-30.677895382548265
30.95191323941774,39.46143022515396
103.88685405212938,65.93336001499026
44.39434935686544,55.50631930478982
24.964006567695836,-19.57502080525495
135.52881966661346,55.566293131399
75.92814604369778,65.92950038842076
27.515440793597126,-30.75852927018825
118.86433811309087,63.14874433396608
53.586619503793194,60.55873251521441
93.28195963796581,66.6824352886859
40.0200054116687,52.026854946292765
25.721977494572542,-23.88404552084134
130.23488449565718,58.81308354984411
66.2516817559744,64.43473832180572
92.18297169202596,-66.72622766271702
110.05695997355203,65.14624141546366
47.46274248893414,57.58255332423139
138.4071630708514,53.471919940354226
82.38416413836215,66.545717690958
36.4682615280418,48.33105742615744
26.69066479156862,-28.160426764370268
123.70700247714863,61.68939029475223
57.9102164330714,62.25568827579893
153.06535939335885,-29.091483994849664
102.91287648082022,-66.1459130575064
30.087417888328236,37.93904215045733
99.9661432481342,66.41363292221831
42.48491829693547,54.26335387119949
25.130102873078258,-21.2401449439773
133.76878766825288,56.90584446590379
72.01516872133134,65.53746570178141
85.41431033770314,-66.73348365680772
27.903460731138214,-32.394401757624095
115.77040246482892,64.07181026394188
50.971902160040344,59.53789526987544
89.10418402864755,66.83059927171111
147.66397872877843,-42.491755782576185
38.44880641466325,50.68709063692421
25.962722860476422,-25.541328651807692
128.02487679573437,60.031738835478286
62.79223725882305,63.75715723101203
152.35990828313342,-31.718817380458386
96.37057073157399,-66.70212990770358
31.21431052127846,40.48484457221288
106.405115320083,65.81407076762184
45.30691816771878,56.4109175134618
24.614995532998822,-18.581449796877717
78.26843706798735,66.351671376864
35.17052598922759,46.91705196704313
27.017173025851132,-29.806576120121328
120.96286366256557,62.743610247323076
54.976028773547924,61.347432961010256
29.281141452024585,36.40059888875039
95.89543312356736,66.77162756539259
40.7135890770706,52.97738458529846
25.322765608776482,-22.903900258884665
131.84716301508826,58.20638828091093
68.2451981804465,65.0276701266807
89.59649717729815,-66.92238773621605
112.44658071263066,64.90705310200111
48.5385082566992,58.45122023892508
139.62226666077407,52.73162189666228
84.89230415306578,66.84663223796647
36.990375434443074,49.31404440920311
26.23367688564201,-27.196115035127143
125.61699268420249,61.196310439818475
59.5231581557864,62.9817008647596
152.97911204596977,-30.135046211529787
100.52846621179656,-66.54647921044234
30.315843600583293,38.96779844938499
102.55336095052807,66.37102184098646
43.30671580177784,55.188775188232846
24.76330660089845,-20.250489217461766
135.21660586338962,56.24014037882997
74.24079661763749,66.03026499115438
33.96423065812325,45.47696772415128
27.378887034384228,-31.448873117073788
117.99215585608651,63.723991188181294
52.235310853583634,60.36195460557708
91.71364365874379,67.00142674014424
39.07066315292132,51.65257881122302
25.543164976143206,-24.565892360807474
129.7493221522484,59.462786467845476
64.64460919070153,64.40693476382042
93.82825458285096,-66.9789846593941
108.8957222899542,65.64525310433682
46.278280013237364,57.30508553968968
80.69576010898697,66.73004581480659
35.6362339999123,47.91083326127587
26.536482238659293,-28.847941173815983
122.99720836471572,62.299815565787114
56.45152606610842,62.11632681480429
104.61005675748865,-66.26164603165861
29.4782489127244,37.43404939098428
98.52698906490996,66.80890712559713
41.45211188159553,53.92108879375743
24.93732898655144,-21.91842340410504
133.39685213091147,57.572489306670214
70.34039682661822,65.58631084352626
86.96680226255359,-67.06756885156082
27.778066128765193,-33.08674978113351
114.78805423904603,64.62180181770977
49.683279402496765,59.30649552326773
140.7880774836082,51.97244799368434
87.46661451819652,67.09896079519504
37.546734626280106,50.292671632898475
25.79263546316652,-26.225706564845137
127.46018466195342,60.66921092543362
61.231850990343595,63.68289591298999
152.88104910225934,-31.1789884725091
98.05964085300941,-66.90208745734537
30.562118793766437,39.99562296755171
105.12843762136112,66.277161693114
44.18172790578787,56.105342296481844
24.409153568802505,-19.255931464597715
76.56288531729054,66.48259551262063
34.37842869748872,46.48024207985344
26.872995235972546,-30.49631171110054
120.15296906174143,63.334508216378445
53.57872744795208,61.16892769904343
143.0821326203475,49.70584626013379
94.36069626241486,67.12068667095426
39.73302125674629,52.612327425499984
25.138133028985497,-23.584875222394913
131.40836461539197,58.86418233913463
66.59904950229856,65.02612734212735
91.22431894167511,-67.20634952333138
111.34893033428384,65.42781252371788
47.31247058987158,58.18783063020266
139.42702660114966,53.41922126411282
83.20446903740739,67.06232910052744
36.13283514664287,48.90100224092999
26.07269257242045,-27.88290411237528
124.96472013544796,61.819086615916724
58.01787198639246,62.86361162582559
102.24081825464584,-66.69280114394634
29.69172273855874,38.466874757722806
101.16446389764016,66.79390124921323
42.2386546421881,54.85730643237287
24.5651818341851,-20.927823524578894
134.88494533873725,56.912865531707084
72.5377824486479,66.1081297486418
84.30538081595849,-67.16067383992214
27.245310065586814,-32.140694001680245
117.07440960575713,64.29191111767734
50.90164169336214,60.14711344517413
90.09762737898461,67.3009565359879
38.139572744714044,51.26649778726835
25.366943922526097,-25.24944970711866
129.23584034379866,60.10979745209646
63.040363620136034,64.35711626897567
95.51287765087721,-67.21050613292846
30.827125968971686,41.02233994056294
107.68011310625822,66.13253879972433
45.11365081978565,57.012205337058
24.067215340779356,-18.25665962371007
137.93949352325703,54.839226945591086
78.97828846942384,66.89195409759692
34.82052113228184,47.48055135707452
26.385052163049124,-29.537017868592812
122.24870168326746,62.90505428530137
55.00705589909188,61.95722275409609
28.880408177054765,36.92215442387031
97.03340476811128,67.18744589224836
40.438627881641985,53.56577250632932
24.747100598305764,-22.598498985614054
133.00254414979656,58.23751484613891
68.65786382981373,65.61228168688102
88.56894558949531,-67.38260582371906
113.75588461324983,65.16291292351727
48.41380773544175,59.0580621456835
140.6218508254547,52.66328372493014
85.78724667950098,67.34636612620018
36.66229454147433,49.887180870326254
25.625157065728818,-26.911730617638618
126.86360591083275,61.30318189571151
59.67978277660623,63.5873341116724
99.78044561819078,-67.07975063053857
29.92232850310325,39.49891857056895
103.79556884194871,66.72659015265141
43.07655720206501,55.78531235719422
24.205859862828717,-19.932299713791092
136.31273518187032,56.22894205256505
74.83662602480328,66.59053885182708
26.73165279302934,-31.187547391789632
119.29975955981394,63.91896751906933
52.19842339946453,60.97168590300014
142.97874138837477,50.401566373911145
92.77448878752917,67.45114105952814
38.77132216193524,52.23504173718479
24.956031618236576,-24.267580795966847
130.94384704339524,59.51975763292776
64.95235461035088,65.00205761851197
92.89633343858682,-67.46967059712169
110.19774735379536,65.9379521828564
46.10646743955133,57.90843024584956
139.21773343272974,54.10657620926801
81.48221808027418,67.25589379776613
35.29223011563235,48.477570853667366
25.914355838422534,-28.571276517726297
124.27621437110531,62.43739645605954
56.525312364816834,62.725103295056236
103.97652416040286,-66.81614908566925
29.079355447972027,37.9588749427062
99.71917083107407,67.20112011234745
41.1904695990841,54.51229644240734
24.369564492199313,-21.60697505915765
134.53280901342077,57.58432589677997
70.82243833941764,66.1628364980742
85.87360886254181,-67.50642685774105
27.11468151603199,-32.83395326761942
116.1087687570332,64.85194319099566
49.5868931299385,59.914581371806825
141.76731077763645,51.88907231784588
88.43510672434222,67.58019674800336
37.226753991778324,50.86895819230531
25.193256829533308,-25.934673186284897
128.69285512909207,60.75386774359033
61.4418174050263,64.28538526649939
97.23459433987863,-67.42009524374997
30.170899591809256,40.530016015516026
106.40821895249093,66.60730620432922
43.96943653298664,56.70430995453056
23.858919549303717,-18.93204213527463
77.2347483393394,67.03092920783364
34.02100234426861,47.04051387541433
26.236332169238537,-30.227616302035425
121.45932219836371,63.50468410825995
53.578669729082364,61.77869158776212
144.00712641375907,49.59176753833652
95.48516547065877,67.54834988409795
39.444632121987595,53.19777772398333
24.559353029775732,-23.280324851240508
132.58463332075442,58.9007455252816
66.97088843729058,65.61527461279452
90.2198032220963,-67.67773915951345
112.67155829577452,65.69448768253822
47.16445909450364,58.79298939133233
140.4428471815175,53.354067025970195
84.0681296586099,67.57207705130988
35.79543344836488,49.470948781099715
25.460234653153083,-27.59935810138639
126.2333112919036,61.93334563136574
58.138551541226455,63.47067932396285
101.5300882551596,-67.23455715630678
29.294740408193807,38.99495470613509
102.40506974264238,67.16149237587382
41.991791969969434,55.45122158844231
24.005043950029627,-20.610505101079184
136.0004437372043,56.90610258255921
73.09300812072317,66.67514645496955
83.15083048679044,-67.57681979643772
26.593110314138258,-31.880244058774416
118.4009008895021,64.49648006011115
50.83660673427757,60.75607064171943
142.86524475022,51.097608769075954
111.97914786736254,-65.90918657931961
91.13747729812106,67.76211140751481
37.82854888378527,51.84588634904474
24.77640017845986,-24.951971911261914
130.4521533926713,60.172897335414135
63.3082351419417,64.95549847688557
94.61071069081308,-67.71157362786717
108.9908486815048,66.43672148237947
44.92120420814679,57.6134228342444
79.72832052685371,67.42671558406309
34.468452875461765,48.04406404261417
25.758618890583815,-29.261191132108394
123.5494022435922,63.05086495913996
55.04760219417651,62.56646513646368
105.73225921602143,-66.91611778884533
28.478539329610182,37.44400966476517
98.21672586494734,67.59176999636756
40.16238819843896,54.15412997322132
24.17638690976398,-22.28789623254393
134.15908579510213,58.254369213810776
69.09822197063365,66.19419298822531
87.49459266713099,-67.83314757633225
26.98697433789863,-33.52861314386442
115.09280951712125,65.40348479428215
48.29221341111891,59.6647513520344
86.72767218957705,67.83833360286035
36.33217984834679,50.46030298237131
25.02204646890105,-26.621519431694086
128.1186624470896,61.394729347077465
59.85176785845683,64.1918999925819
98.99078852801777,-67.60709367037617
29.527348719533087,40.03023914066451
105.07820761244156,67.06871907906175
42.84611965353058,56.38180309037648
23.653079846442132,-19.609281586415072
137.4070025935554,56.20427112780108
75.46841689142634,67.14651471697124
33.237529782720785,46.59101779213816
26.09028060123386,-30.91969686362253
120.62677776223556,64.09824927762786
52.168091342176105,61.58108191668226
93.88237323275786,67.89070364019088
38.470226555468685,52.81747607968552
24.374021728848522,-23.963855207746334
132.14179162609045,59.56199312342976
65.28282067197708,65.59525176512074
91.91804260761884,-67.95212171088819
111.53269384779568,66.21582463452707
45.93608240865741,58.511685644865636
82.31170084367356,67.77538902451303
34.94606046535338,49.04430137496968
25.297815585977382,-28.288547280584687
125.56733897918629,62.55937168065032
56.61055879905806,63.33318667830254
103.30536405692916,-67.3659989091591
28.679147155201896,38.48394939925768
100.95568130723207,67.58096665849023
40.92773295193908,55.103466613583564
23.806635426882494,-21.29049926740262
135.66846970938883,57.58218121144122
71.33556491106465,66.73612900547883
84.73330126886944,-67.93465868626329
26.457333417052098,-32.57436351205367
117.45394094669312,65.06649839454909
49.4946264601152,60.522469873554755
142.74123041175673,51.79391495731444
89.45072026077986,68.05272062985566
36.90470573335696,51.44521721256648
24.5991776763725,-25.638004508853253
129.93171284407478,60.823368101114866
61.6697670820441,64.88654866198432
96.3652172223736,-67.93130965984054
29.778036355463627,41.06456516676595
107.72607650115131,66.92332308009789
43.757276613809694,57.303220876519916
23.313233899037087,-18.603488329820507
33.661365182724055,47.600790475102166
25.605434457017072,-29.952607779059953
122.7820714587844,63.659086974886364
53.58672391273309,62.38802502277753
107.50448174710186,-66.9923667220614
96.65665610237585,67.96491595572758
39.15456620746335,53.783191647995395
23.985581482150724,-22.97054050932604
133.76257517840065,58.92283262176619
67.36867540107689,66.20207548437533
89.16756130561386,-68.13993274333947
114.0240237614879,65.94588876925734
47.018617249247285,59.39803394979943
84.97732909356755,68.07457601701185
35.455780182139826,50.04087095450374
24.853255845153246,-27.309946054381857
127.51142891583393,62.03209304284808
58.27291045443059,64.0768723698971
100.77848038585115,-67.77088997297102
28.89626115490675,39.5232351613775
103.68836613545476,67.51589736514165
41.744087618766855,56.04509284710948
23.44962330704859,-20.288328830910178
137.11435515061288,56.88567141339669
81.9495217340849,-67.98140368063552
32.46993101941598,46.132354519822876
25.94685652753459,-31.61322085237621
119.74864109047935,64.68525765622113
50.776896756284884,61.364772063291134
111.54594773996392,-66.49229878410466
92.22550104706981,68.21358179631761
37.515453633903626,52.42523694432609
24.191042220321116,-24.649045281651894
131.67258485989524,60.22105540256957
63.59700414417863,65.55224142431841
93.66190936955209,-68.20492300802405
110.3368833207783,66.72617447686838
44.72940572113008,58.21457072154467
80.52078597063175,67.95563988998171
34.11404992178229,48.607559634140124
25.137847564457633,-28.9792573717691
124.86358594174196,63.180902821331344
55.0980697157623,63.175155891425554
105.10278458080153,-67.47362894008145
28.075334443357715,37.96611534231076
99.44637159956443,67.98407569988325
39.8846003127387,54.74244510335021
23.610563899250785,-21.9722349125222
135.3157362333897,58.25703734615095
86.37178447649539,-68.27351441248965
26.324288722520087,-33.26986842922107
116.45631295227116,65.6284326260937
48.17368785041311,60.27129316695242
142.6062532726288,52.49042452864251
87.71570025823742,68.32210205345342
35.9997483379715,51.03338648088255
24.424303195529546,-26.32563551519261
129.3808312070692,61.47091831337425
60.03994853214265,64.79536668073804
98.15720955128978,-68.12816709547609
29.13068728219719,40.56171429049577
106.40133038177744,67.39691183123358
42.61517449131678,56.97824327041163
23.10489698435764,-19.281570902890078
76.13832625244768,67.69794914631926
32.87080099126138,47.14805324191651
25.454755760155745,-30.645487204530767
121.97186418037657,64.2616243427954
52.144508056959324,62.19014597380661
109.28946995555987,-67.04462493583354
95.03882099352106,68.31960144322616
38.16709229701211,53.399864609519035
23.79708061070789,-23.654862375505246
133.34197911560426,59.589541505417415
65.63738410706766,66.1864304067371
90.89132238709858,-68.42588307894766
112.89983170389698,66.4784605596956
45.76698681180918,59.11485433770291
83.18651080031793,68.28816473113052
34.5974454929561,49.61099604966826
24.686828151250822,-27.99991162120311
126.86918213688918,62.66564618938534
56.70781452431038,63.94056526792988
102.59434105752678,-67.91092787043766
28.27741682673181,39.00922440045676
102.23714472178335,67.94791805605689
40.66363745529045,55.69458981287994
23.248476978659305,-20.969135790365257
136.80285198774783,57.566164595318035
71.88170513182604,67.3060131025568
83.5445009585576,-68.35173912114628
25.806019727461216,-32.30815045757819
118.82234805456358,65.26517755256721
49.406509003361556,61.1301665753231
113.29898494781041,-66.4908721381036
90.51543561756921,68.5160564375194
36.58030075032507,52.021426363912404
24.010350051678536,-25.33585128869299
131.17546329305785,60.877714592402114
61.9167384745445,65.48633744909708
148.54960981587809,45.33268734755376
95.44920726349133,-68.43533842321975
109.08171721799226,67.22473802791464
43.54503949414313,57.90207326728382
22.772023763089187,-18.270403079724865
78.69859030139817,68.11221868176982
33.299244649121725,48.16103899472857
24.98027858875077,-29.671448516028725
124.11979927398482,63.79755238762336
53.60319715297435,62.99692782462146
106.91860972048126,-67.55706792640615
27.48308210939735,37.44165988374447
97.87638710095413,68.36984999311804
38.86253854754592,54.36855422291965
23.416758925949033,-22.655665765526038
134.941077997081,58.93052064776204
67.79402500393392,66.78641334973629
88.06571125120462,-68.59243472207464
115.40534154656112,66.18164719894725
46.874851840971886,60.002968424648834
142.459832486732,53.18707490103879
85.93435086260925,68.56940848416934
35.11358771518878,50.61074169577564
24.25171588529276,-27.01482282017626
128.79768075807453,62.115276140829515
58.42166950745227,64.68216857382409
99.9836365620396,-68.30148092580605
28.496070531237255,40.05166865871778
105.01460569868172,67.85659428925914
41.49528638053762,56.63891315404524
22.898851344013178,-19.961431369238777
138.22577012414658,56.85170174961645
80.70040758476948,-68.37388361322655
32.096569310748905,46.686149476528406
25.306536486462736,-31.339791050464243
121.11627141412556,64.85800278772064
50.72262469339485,61.97322248694939
111.08336411466972,-67.07269500362872
93.36346302978062,68.6548544336091
37.19999283064253,53.00452929324934
23.610816646160814,-24.340817314115142
132.8958931005346,60.25430820174245
63.90793474772717,66.14727495059489
92.66422854463528,-68.6901121164931
111.71759919304,67.00045543198344
44.53807421699363,58.815649394501335
81.35808333586056,68.47838186706964
33.75703054061434,49.17100673982313
24.52270672144486,-28.691375633593097
126.18980058876127,63.29505028738992
55.158901969975375,63.78328922833134
104.43471656927305,-68.02671419719896
27.670588993258395,38.488421641879334
100.7232065907326,68.36381697950337
39.604980881841335,55.33070528232849
23.049567822733597,-21.65165542090777
136.47145488716208,58.24562147665264
70.06898455276098,67.34935111056896
85.19889237784503,-68.70317747054372
25.667730677036722,-33.00444874005532
117.84519798762435,65.83743435834941
48.05819533865388,60.87769267525248
88.75351715113798,68.79720558195284
35.66470469571723,51.60640611800887
23.831880736886173,-26.02423041146948
130.64875151773927,61.531735703543596
60.24524293782574,65.3976978071458
97.2772861671788,-68.64259893448173
28.732121976155383,41.09329744012295
107.7648156076857,67.71066454671232
42.383480938924144,57.57462829265529
22.56123934565062,-18.949301263031806
76.84868009658292,68.24457426101546
32.501459149887324,47.70504889772257
24.825056918370517,-30.365081758885882
123.33356769595319,64.4089013359417
52.12788890942331,62.79888072956657
108.74888720015569,-67.61600982633237
96.24530783574525,68.73729240853389
37.86162160952519,53.98218921761043
23.225149959395015,-23.340746560512507
134.54323292717822,59.602469948893045
66.01755382448731,66.77549650259809
89.81406637291524,-68.89046629890123
114.29825259197528,66.7254576202365
45.599036306908445,59.71793866958495
84.10907624311325,68.79382204543109
34.246094273646975,50.17762507114102
24.08135490494372,-27.7055252484103
128.18028938720394,62.756147375613985
56.81768451181279,64.54722499110157
101.84105179125493,-68.45064197552797
27.873952715465013,39.53465096126734
103.56403882851411,68.30142892899117
40.3979047322351,56.28565587295466
22.695021555140627,-20.64302189807157
137.93499107784595,57.5364003086339
72.46295719938801,67.87229472925793
82.30590061343594,-68.75711554202844
25.16073075651083,-32.03548183647256
120.2126285504624,65.4477085720812
49.32257770858276,61.7376767409611
112.88221297190624,-67.07645590468205
91.63125824604009,68.96969482808389
36.25323671577172,52.597562331249954
23.426721828253115,-25.028361781416898
132.42279637834366,60.91693055894703
62.18387286420577,66.08469666164677
94.48415021044185,-68.93175597620194
110.47466054320624,67.51107585710223
43.33250535162466,58.50086492760886
79.49534005855871,68.64456068516814
32.934357859692206,48.72122550039161
24.360834979431843,-29.384298500037115
125.47100318814095,63.919938292494535
53.6284293413782,63.60539873645845
106.29566102659525,-68.11782628991446
99.14548361615789,68.76259166492669
38.568249751298474,54.95384963283017
22.85282265312736,-22.335841687354048
136.11903875150622,58.92390397873647
68.24870426362877,67.36815832109156
86.9123693448988,-69.03471670803921
25.531950532279556,-33.70207960722729
116.81435665724825,66.40140701296463
46.73306673832875,60.607796720740865
86.94157405674113,69.05612274608907
34.76855606428434,51.18053288422704
23.655569695593872,-26.714140773063473
130.0906374469154,62.182864638431624
58.585622330907796,65.28654224701899
99.14303979331706,-68.82598128455311
106.38386616486768,68.18305055464445
41.24511918203328,57.23267485370767
22.352657013679142,-19.629946909079557
74.97495405886158,68.35222353289224
79.40255659062933,-68.75369457161256
31.720482635508976,47.23989241555247
24.672131029171293,-31.0601190307372
122.50231346668596,65.01449504178001
50.673918215933725,62.5814262634962
110.58949860193063,-67.65022654365686
94.55310519107704,69.08538410135465
36.88185816904502,53.58374214378242
23.035666281004936,-24.027433005136395
134.12083301031709,60.27271204109521
64.24241546772957,66.74052031133881
91.61534643802428,-69.16666397455248
113.13218752825618,67.25912718076111
44.347018998353775,59.41665892545556
82.24276156340679,68.9945646096784
33.397101714061215,49.73437287913198
23.91315936575367,-28.39770253786646
127.52652909009205,63.39321302442545
55.2305885063401,64.39085766186933
103.72563636437339,-68.5751058963295
27.26409408323982,39.01087813196526
102.0479594632607,68.7304272687745
39.323231592015105,55.91889710515924
22.493332020399013,-21.32629567606907
137.62521756365192,58.2202398038812
70.60327703461985,67.92227650479307
83.97433505457158,-69.12157721574967
25.017293092063305,-32.73252293752184
119.2581125913431,66.03018489816202
47.94570186087094,61.48395475210665
114.6820230385847,-67.05586474107007
89.84336454956103,69.26314317043983
35.32674024120038,52.17933557650999
23.244728220109096,-25.717453176721644
131.9210412182562,61.57719032289937
60.4686617846064,65.9988519866907
96.34845676918336,-69.14998392631122
109.16834783403907,68.00946917443798
42.150784792667054,58.17095303756613
22.022032784793165,-18.61260384261477
32.12922114255276,48.261968369488976
24.201156385084285,-30.07864151667134
124.71033868038425,64.5399116489055
52.118473529834255,63.40728813929486
108.17297865545278,-68.18391855884569
97.50323722371992,69.14320546877593
37.553501701827585,54.564430847025385
22.658168070615908,-23.021649537932134
135.74438319198137,59.600864135084215
66.4249855731482,67.36234161258692
88.68413600505734,-69.34534790893841
115.72686269867661,66.95642432447127
45.43207949645197,60.32094073646677
85.08195031009235,69.29192748115236
69.45686160835704,-67.90233160725646
33.89170356789401,50.74415751000942
23.481352189423763,-27.405541415776216
129.4991604164374,62.83082608630588
56.94083591270628,65.15314917902653
101.04291452845112,-68.98481828258248
27.468538192817213,40.06017939428977
104.9366699142464,68.64093932313455
40.130241107881105,56.87665390404729
22.14619895366864,-20.31229241006675
139.063944196802,57.49302709955362
73.0816048285664,68.43475897211752
81.01628984115601,-69.15020836819265
30.956081913530284,46.765865941009324
24.5214495657778,-31.75652312098811
121.62328507589275,65.6138398094706
49.24287747001552,62.34500536501098
112.43621067638604,-67.65957143729248
92.80020081786307,69.41309185260677
35.923196907641085,53.17360073170886
22.848236933689204,-24.71568175658599
133.67239417159215,60.94106030943611
62.47242625781805,66.68156432259447
93.4675240766853,-69.4201010804397
111.90422329579681,67.7818637522636
43.11944192481301,59.099593233102844
80.33877243594266,69.17090858852256
32.56641078946825,49.28131492091595
23.747068269365666,-29.091315319071313
126.8341038382682,64.02612663619928
53.66279669327307,64.21343535256707
105.63323281241266,-68.67440162381301
100.46495013432038,69.14255608726138
38.27138463029805,55.53906115600124
22.293706900015472,-22.01120687439183
137.295369383943,58.903094077047456
68.73464897080558,67.94716571601015
85.70567084416653,-69.46621657257735
24.876178382600493,-33.43087856667716
118.24974166414579,66.6048280776171
46.59316239537782,61.2125225420846
88.00146557975806,69.53423065161769
34.42037185354989,51.75021525414966
23.064767639754688,-26.408049819619603
131.3888411896066,62.234851323505545
58.7656438931475,65.8899638453891
98.25400820565302,-69.3440095227405
27.689671680717282,41.108801308164345
107.79602770530401,68.49472567651978
40.99330163940159,57.8263696506407
21.8109669404289,-19.294007229990658
75.68210658814168,68.90244992586757
78.05518035678993,-69.12024972280328
31.34138846308826,47.793544576167086
24.043614376618205,-30.774366843833153
123.90517508882039,65.15453701682371
50.63092118764425,63.189387314623
110.06227384015538,-68.22472800554306
95.79612353963228,69.50459312890763
36.560725921610896,54.16285318700428
22.465530392009573,-23.709034872567607
135.34616320217617,60.276342958126406
64.60197351780798,67.33188920112812
90.51287597845041,-69.6340647428046
114.57963840938375,67.50176120334824
44.15603866669667,60.017599054871965
83.17752316883343,69.50377670735541
33.03395822648341,50.29762439267837
23.30916325245662,-28.098392272701048
128.87219838264605,63.475321170462344
55.31367015498699,64.9978518650824
102.97293042884864,-69.1185089552644
103.42119525076588,69.08332122763483
39.03903769352201,56.507006316603196
21.941787094283466,-20.996291153617907
138.77602149342138,58.18102607990341
71.17307118041249,68.49185519512704
82.69660431669473,-69.52812337402636
30.208004122283484,46.283258944728715
24.372961292893947,-32.454257659520835
120.6935511918548,66.20639908155542
47.83617509518471,62.09008407932665
114.28473043144751,-67.6439815402258
25.225122322683102,35.28158512746977
90.98752455621783,69.71937691060477
34.98553178102383,52.75214738249987
22.662790650074204,-25.40545039807402
133.19630509998822,61.60731320471407
60.71131925846014,66.59878226799937
95.36802071698456,-69.64988080687195
110.61139896824446,68.29281676636454
41.91681696555027,58.767211838042826
78.40094193739576,69.32218779383474
31.753792907039347,48.818774082307336
23.583020440527584,-29.78632508790463
126.10053694650114,64.65451133014871
52.116528424640464,64.01536942865665
107.55938946492797,-68.74813900883011
98.81391261919939,69.53674094700051
37.24240337560578,55.146569413048034
22.096070040603113,-22.697710623135624
136.94427319645604,59.58482802133005
66.86149850134376,67.9468445738675
87.49937911168219,-69.78996794722694
24.737341847606793,-34.13051375077607
117.18437761745996,67.17098348434288
45.26595700173609,60.92386238369453
86.1078074236621,69.78201031639449
68.00162169003467,-68.17140712399379
33.53395681138199,51.3105612215735
22.886771587286848,-27.100110927710613
130.82425835439335,62.88965744631571
57.078005341379,65.75831831115231
100.19715909221095,-69.51310205821636
106.35514667429322,68.96587728612194
39.86033606553442,57.46757224083982
21.601936526054928,-19.977079737561777
79.67458422194107,-69.53041193515175
30.570605333330192,47.31625623822717
23.88815231023226,-31.47143748768078
123.05268949874258,65.76334268051887
49.167461818195896,62.95215718209118
111.95900779838607,-68.24007848125767
94.02426130213837,69.84566789713257
35.58984894163996,53.74951602381722
22.274835575978667,-24.397954518592414
134.9229388032897,60.95016916863392
62.78378293300494,67.2768706379868
92.39670650537484,-69.89987434556176
113.36950601240451,68.03663487582486
42.905603110934756,59.69825511491587
81.23170894513582,69.69087660271877
32.19509739295943,49.84127094953871
23.138937618765514,-28.792654146664848
128.20745423517562,64.11602481371018
53.706715859460225,64.82103403599588
104.92871495301601,-69.22652821966044
101.83564063784658,69.50913518552717
37.971610688953675,56.12417108587592
21.739343033380845,-21.68189748949264
138.46900242611972,58.86821909565342
69.25398202189265,68.52327433013338
84.4437949729433,-69.8863378164549
29.475979297671728,45.79235378278299
24.22661504356184,-33.153287098665764
119.70999643546844,66.79158935349247
46.455035293517135,61.81714940052829
116.13076220227133,-67.60347840803837
89.11656883422793,70.00320534825768
65.27661561356348,-67.88873035584368
34.068707194319835,52.31975830028194
22.47925577479159,-26.096697408852165
132.6908149317002,62.27125252499291
58.96270020417227,66.49239955143287
97.31369045051648,-69.855148363406
27.283007721650023,41.637401677304304
109.25075028791719,68.79107451971704
40.73953245602485,58.41998856137652
21.273705571319493,-18.953741739914715
76.43354420527453,69.4478080412895
76.6576635187147,-69.4729422607313
30.958993557895532,48.34706597476844
23.420954457118786,-30.482694185746148
125.32315807835748,65.27795650114501
50.59379533917029,63.797109129109195
109.49941459685706,-68.7960153382998
97.09414047425227,69.91187123352478
36.23625555015121,54.74183897034401
21.90034489953093,-23.38576298628019
136.57065313508392,60.26529653849042
64.98829105360812,67.92128262577094
89.35438016919929,-70.09176174299452
28.462299974414254,44.2490806209621
116.05873267402941,67.72794132321876
43.964919851576326,60.618469183079775
84.16522538525096,70.00556930908893
69.32051251696946,-68.68255035787843
32.667281683438944,50.86072633723828
22.71067116588473,-27.79359658785995
130.22518933614933,63.54133035181047
55.408745043353655,65.60426050224095
102.17377644452574,-69.65659799465122
26.444996483754746,40.05603638703211
104.84328587349148,69.42189703796188
38.75206638566258,57.09501773980567
21.394861080968212,-20.66177492581374
139.92289011253453,58.12812909278318
71.78079216570727,69.05787837892368
81.36429495874893,-69.92219527330154
23.73471339376713,-32.16981727464712
122.14985859431569,66.36581461308077
47.729584402167006,62.696085155143024
113.85856013428673,-68.22988352384874
92.18830036678288,70.16533036886995
34.64074036455807,53.324812806082555
22.086009144229457,-25.088366206927603
134.4731435641163,61.622157758404676
60.974445506753206,67.19743549672432
94.33314099315729,-70.14180945377333
27.522693611870984,42.688216785637266
112.09321067027544,68.56020117111898
41.6812918758346,59.36339844430243
79.24845486893702,69.85249473689188
31.374868594561384,49.37542717760183
22.970609645284753,-29.488288689636544
127.50244124476828,64.75258279949172
52.1223499600046,64.6231250533669
106.90554933008485,-69.30843573745187
100.17850603794287,69.91727141795901
36.92797950792122,55.72858371836564
21.53878796164632,-22.3690667045181
138.14176563968263,59.55448347717534
67.32909384024627,68.52886997705393
86.25765305248274,-70.22372872066664
28.75972277353405,45.29342555560861
24.082359662088315,-33.85357668878802
118.66931976569556,67.3687757933105
45.10050043899205,61.526705208366664
117.97006483578602,-67.53816756148176
87.18943647948123,70.2635598824919
66.50966885036901,-68.42424801301571
33.17252302533425,51.876802740662185
22.297560183172788,-26.78938214160315
132.15401970263002,62.93264147526828
57.230007240620864,66.36270971960832
99.30081747648046,-70.03510365771326
26.650964855631695,41.11133913036449
107.8193534071492,69.2756619759557
39.58786053446724,58.05839837539826
21.062159337139864,-19.63751392275315
74.4412541676855,69.54725713423107
78.2798576960101,-69.89709588298265
30.181735552641754,47.8664986430958
23.260808575625706,-31.18038578008601
124.49909014544693,65.89601416485425
49.09639371421123,63.559136674682854
111.44843886196902,-68.81782049485535
95.30539633758875,70.26680690973954
35.25284339860382,54.32528141087044
21.706454463359044,-24.075320930097078
136.17312035283928,60.94434336306176
63.11947092991892,67.87053706955524
91.26898593541672,-70.37053573285955
27.78098167297204,43.73805135021492
114.8693812697162,68.27493227811976
42.69072739861492,60.29684703288137
82.17715799684231,70.20404191519346
31.820098663990578,50.401055937634496
22.536396999377242,-28.488467735581462
129.58935020854918,64.18956691700907
53.76064862828792,65.42818981545365
104.17927235590939,-69.77391201139852
103.25822599662297,69.86169960126016
37.668576476163636,56.70916064961519
21.18965973194224,-21.348047299310586
139.63889635429754,58.81942337014273
69.80903391373593,69.09630445857454
83.12499463128484,-70.29444930252748
29.079074081143514,46.33625750495752
23.58324061783343,-32.86947083321007
121.1934505059021,66.9613921790596
46.31857732540645,62.42168062664763
115.75629325669165,-68.194147655865
24.26869346536401,35.23230696330961
90.28948805473915,70.4624790719064
63.77098002422733,-68.11251358322816
33.71321846994402,52.88913016736398
21.89897609639643,-25.780228541717356
133.99507185494545,62.29210837457532
59.17785947236301,67.09381079358556
96.31906313613813,-70.35894160515149
26.87372013536584,42.16595735047061
110.74745164369719,69.07155101895687
40.48349164700916,59.01352185932661
77.23221555093563,69.98797208366835
30.572993177277837,48.90041530275436
22.80411322798705,-30.185258375635048
126.75446774573098,65.38460848906175
50.56272217311754,64.40459474982657
108.89842676506392,-69.36388361667491
98.44867257827364,70.30657579370288
35.908088188875915,55.320674797967584
21.340042580768046,-23.057754993301366
137.79309009724983,60.23968758510012
65.40322365531735,68.50858960128272
88.13739218872935,-70.5391616061664
28.058937418336697,44.7867420200382
117.5680364147605,67.93726759170748
43.77343577913547,61.21926835262874
119.7985070656424,-67.44823655112917
85.2088786255354,70.49945301559247
67.81118634068119,-68.94826376659327
32.29673946454006,51.4236423791088
22.11763119478403,-27.48346480026167
131.58384745181385,63.591222485794866
55.51647550261781,66.21007003040961
101.32512918513528,-70.18901413859098
106.31437914106084,69.7455392758472
38.46196504277023,57.6829152000159
72.42909374348127,69.62011385801482
79.97613882001009,-70.30314268115065
29.421722059495373,47.37737233981446
23.102520649890202,-31.879363838650352
123.62523640828557,66.50819492292572
47.62590083314468,63.301962308664464
113.40148408375514,-68.81344054366055
93.44799186926303,70.60038716104383
61.114648349135386,-67.74948382322908
34.29200993577543,53.897301752354245
21.514321162370123,-24.766342298948594
135.7501613666249,61.62179972892995
61.25940097032833,67.79475157935569
93.24085027232019,-70.62524791413614
27.11417161554222,43.21974913174504
113.61277846915945,68.81112311776245
41.44390564434361,59.95950597641884
80.14764560974008,70.37662307090115
30.99212967062604,49.93188740285116
22.36387914344948,-29.184686130201683
128.91426020491534,64.83403635515981
52.13626778652102,65.23055464988798
106.20865167676057,-69.86454727062622
101.5980228752232,70.28414311834152
55.19483513906835,-66.26519388288283
36.609863382666276,56.31045135184261
20.986251110780497,-22.03585227349068
139.33574864375413,59.50996978619548
84.95685307348793,-70.64599386852288
23.433676682367285,-33.570363576103574
120.18001865259941,67.5494634756463
44.93553126565315,62.129470556559696
117.64761741359432,-68.13296609402603
88.32972997676352,70.7360228048385
64.98219619765223,-68.66038216673665
32.807055646432865,52.442847171374886
21.713660821009512,-26.473500978102376
133.4868647130378,62.95980349374838
57.397743490557815,66.96629723998909
98.35071567947682,-70.55039511845447
26.238345127200144,41.63686680791953
109.32892319098299,69.56970732033453
39.31246500450219,58.64911888802537
75.18791316911252,70.09673449796978
76.83137808653227,-70.24960713408865
29.789169731054056,48.41654949826072
22.639381714165687,-30.88352648095237
125.96062122225636,66.01167915350072
49.02974647006477,64.16594808200593
110.90212102206111,-69.39262264679029
96.64548935518486,70.67585600752182
58.54877932248069,-67.33751729517915
34.911812324573205,54.90086872741307
21.143027017319586,-23.747919434022055
137.42164464140836,60.923689734515705
63.48117977509279,68.46247525853596
90.08157746825682,-70.83150208816411
27.37331570193249,44.272563536729315
116.4024845879003,68.49631307503637
42.474536116604526,60.89536494357236
121.61211932703257,-67.33395171259212
31.441081631789945,50.96063078331439
21.93939547994376,-28.17890641124577
130.97804189180044,64.24671475003078
53.82510734899462,66.0348962687823
103.38182634724357,-70.31622738952589
104.73315888103136,70.19960121679459
37.36190976952882,57.294009913508795
140.80404061665246,58.756866804398534
70.40236564200681,69.66605562895394
81.74763114550679,-70.68988544711075
22.946028046387045,-32.57959311159686
122.6982682549091,67.11396351664955
46.18367509258923,63.026119373692374
115.3535360040246,-68.78285960187948
91.52286747563393,70.91144105283031
62.234443314459284,-68.31920471660602
33.353545028245456,53.45829753659913
21.323866779794546,-25.45878579148576
135.30012504224086,62.29748286670518
59.41230493695172,67.69415368434186
95.26693099439863,-70.85489074213082
26.46156525911291,42.69441649533682
112.2852865822579,69.33561237215842
40.22483857126235,59.606959015020394
78.08131142843449,70.52258193568169
73.71080637245933,-70.1342274770045
30.183070212823846,49.45354980936773
22.19304699208598,-29.882214335033968
128.197224242493,65.47437698446504
50.537905166318346,65.0118467616505
108.25657410556126,-69.92810449960294
99.86109368745586,70.68803265379421
56.07940506770046,-66.87912590272227
35.57584498764061,55.899334620581485
20.784553267868628,-22.725146148874252
139.01228594888187,60.19964964027658
86.85944107103842,-70.97562862863919
27.652245214374588,45.32423939879399
119.10589851301665,68.12936031140035
43.581344676904166,61.81999523282159
119.528054055849,-68.04652288664002
86.31164137695221,70.98489462299192
66.26300729291609,-69.19727642427898
31.921983595427566,51.986334674594715
21.529986999915643,-27.168143795706516
132.94649419309934,63.6250063505143
55.63759602691896,66.81526446720984
100.42370667418972,-70.71536147306082
25.616270459349987,41.101171240192585
107.83436684010813,70.05362240907583
38.16835924760561,58.270681432039844
78.53104306016333,-70.6702872338561
22.47634780888632,-31.58305706476247
125.1177520197619,66.6333318914981
47.525097140237584,63.907719710182675
112.9112631983655,-69.39450680512103
94.76886546921982,71.02388982966907
59.57746924505816,-67.92709507774383
33.938965873356864,54.46958264524452
20.94766073002374,-24.43951795679759
137.02597629622733,61.60633697702014
61.56769284890963,68.39066262357916
92.0880613234158,-71.09962935671878
26.70254159978751,43.75114305490846
115.16883834680837,69.04509465271921
41.20433409272792,60.55552687614372
123.40714042420464,-67.1956537376271
81.10186252530129,70.89414012813349
30.605243954578114,50.48811299263765
21.762778961639718,-28.875668802000398
130.33414457764752,64.89881143913469
52.15864878821078,65.83765697832816
105.46563112059822,-70.41618301255346
103.07326312858744,70.6366779976862
53.71059749635427,-66.37691087287952
36.28766686818192,56.89214858301645
140.52514142382526,59.45144303059066
68.36657662433794,69.68486447194903
83.5949465134678,-71.05608782371472
27.952159903388708,46.374603965481576
22.79126755250844,-33.28103910947837
121.71461430562346,67.7127339427388
44.770859481856945,62.73215951813977
117.29961839262525,-68.72615990700173
89.5316680801302,71.19880025150867
63.420649587162536,-68.87935250428886
32.437191258903795,53.00865805969757
21.135012354055178,-26.15261093018212
134.82120806909452,62.971194300283
57.58221451355082,67.56905080889861
97.34346742055358,-71.05850646119008
25.822852383120484,42.16228892567254
110.88321177730104,69.84742624282927
39.03377743034977,59.23971936486713
75.98332358865835,70.64127506205917
75.32864544578348,-70.58727254197703
29.392593024069704,48.966363669148265
22.023829176024957,-30.581015690160466
127.43531434160364,66.11019259779773
48.967604796007485,64.77259540177032
110.31742916558142,-69.96428951321954
98.0463130473284,71.0721255701618
57.018553324203125,-67.48660933487156
34.5663676033214,55.476248321269686
20.58448358049036,-23.415886085652566
138.6672407935938,60.88833529578539
63.87078081014332,69.05258577678168
88.83164436842594,-71.28214477746776
26.96229438775654,44.806897925899804
117.96720851538929,68.70035283826346
42.256731476432755,61.49380426575495
121.39329540018231,-67.93508754901741
84.23858475974815,71.20806725659946
67.61726465170803,-69.72226404632207
31.05769827936854,51.519954803502856
21.347877507521464,-27.864118077118626
132.3717460412774,64.28745859601109
53.900661180550465,66.64114538260336
102.53303540571125,-70.85311362666336
106.26063672021759,70.52217636412051
37.051215575430575,57.87869767733618
71.03679425558464,70.2323040025189
80.31021435629701,-71.07194698039534
22.314943473342314,-32.28381494312325
124.22245705849195,67.249059089612
46.05020912643604,63.630468626010554
114.92042394606926,-69.36949584154365
92.81936436286907,71.34943562515134
60.66875353161693,-68.50841336732206
32.98930776273711,54.027225497752724
20.753862412452737,-25.13250931939726
136.6044971573464,62.28746371353424
59.667349691547834,68.29337836818968
94.15393075523593,-71.34245139886634
26.04629234233874,43.222726136955245
113.86312843475385,69.5827236914477
39.96320973058347,60.20028862126869
125.18005776644401,-67.03375222751174
78.98428134215666,71.05123939239454
29.788894280196352,50.006425183074114
21.587706711062072,-29.573714579872906
129.64947549343117,65.54717656052846
50.519572297874625,65.6188672713173
107.57085252670116,-70.4884233274374
101.332593186084,71.05553756623138
54.562799682321014,-67.00042447845922
35.239125302890805,56.47779091688945
20.233804039450177,-22.388069349523832
140.22708351679069,60.145334378318
85.51808378972189,-71.40048343699083
27.241943894103432,45.86152225578069
22.638175279759896,-33.98366808617331
120.670451662635,68.30386412511126
43.38838797333671,62.42064809708263
119.23486577346137,-68.64352008430895
87.47681050164813,71.46131375853565
64.67731604624743,-69.42908379437286
20.947678076131062,-26.847778038182497
134.3114387622092,63.642717907143016
55.772922482001086,67.41982512120454
99.46597720918034,-71.23520313614395
25.19771850209715,41.62359491733168
109.40285272700483,70.3455149494273
37.870850624230435,58.8582979832032
77.02813252748057,-71.02292455951138
28.6203514420285,48.47064073484071
21.85615345602207,-31.281054292480675
126.62535009831257,66.74104838249961
47.42714780317314,64.51336138407476
112.385421736646,-69.97291884214727
96.15311738547446,71.4351391365439
58.01603750893743,-68.08704500316054
33.581213397266495,55.041622292795594
20.385958654419188,-24.108030071555167
138.29922767109366,61.575889073035015
61.900994104225305,68.9850919416398
90.87158283077646,-71.56433900650812
26.287540992130243,44.28234592379169
116.75985649110322,69.26164388644777
40.962230498181114,61.151452847270996
123.2392582524003,-67.79901033377968
82.11468950723082,71.40456962482361
30.213864595032682,51.04406054383843
21.16725430194806,-28.5613856788849
131.76020056094737,64.94687764131115
52.18990162594781,66.44442984827911
104.67313927310097,-70.96301974775872
104.60477943013868,70.97417649711075
52.21330870525383,-66.471273614613
35.96097841104766,57.47365024116774
141.70889955306654,59.379075365627195
68.9415812188655,70.25847437828163
82.17001335989227,-71.45329578978152
27.542721543839804,46.914845505127346
22.155099817976556,-32.98576567023068
123.27106409031965,67.85830338393525
44.60628216969901,63.334772921901695
116.92419807119607,-69.31765582172694
90.79829654293964,71.65124526707618
61.82673374209507,-69.08072164756805
20.56154988971588,-25.82685308327151
136.15546966974483,62.966890123665365
57.78453211933014,68.17093599101862
96.27547065496103,-71.55892170000524
25.4042400084099,42.68755100556083
112.48127311683328,70.10823545125471
38.751400908146856,59.83018430878291
126.9276402914532,-66.84871941208779
73.77143264960858,-70.90940228609261
28.99167771706443,49.51589441564863
21.41410283466368,-30.273007104275827
128.9211120549351,66.1914414035777
48.91006602313554,65.37908239558014
109.69146794784534,-70.53260242697652
99.50948581431395,71.45488994265214
55.468817371760665,-67.61799190279206
34.2160991759697,56.05138891910151
20.030751616331465,-23.0793545792066
139.90866847012,60.83842662945052
87.51632631348654,-71.72178751863461
26.547642372825987,45.34100222593341
119.56170043132303,68.88665013614533
42.03699436227114,62.09215983335146
121.15459211832825,-68.53521169234963
85.3615373196611,71.69786448319505
66.00864900295059,-69.96748020239836
20.761783180431006,-27.54424821644213
133.76865898411913,64.31181771861458
53.98794332276414,67.24692738693045
101.62927556734357,-71.38417087997833
24.585846151609147,41.07855605947673
107.8405634525765,70.82874977471009
36.736073925971084,58.46320135969996
71.71542127534823,70.79479938711373
78.8114481166535,-71.43990239462197
21.689946608890182,-31.98229497605187
125.76387843485259,67.3664663504313
45.91805300102638,64.23473120334998
114.45466500587055,-69.95392321120526
23.001923730040083,36.74903101980001
94.18161492607133,71.77576064993522
59.0758878758134,-68.67977505499455
32.620107574373215,54.59587740917236
20.188894220744995,-24.801536897831422
137.90672998573868,62.26216199458669
92.97653987075569,-71.8210296191739
25.6276430883428,43.750832051758934
115.47955354680005,69.81236306742264
39.69821632202305,60.79349831475741
125.06213050830554,-67.63871632321548
79.94484944235022,71.57350398130394
29.39012074513149,50.558995419297496
20.988038310522082,-29.259909209757158
131.10921154971942,65.60295363513727
50.50797897737177,66.2256578848924
106.83796179098455,-71.04455579978001
102.86412964393762,71.40835838638931
53.031161793584644,-67.10408373751656
34.89750470760189,57.05601455524803
141.43636257644343,60.0769108665563
84.11094463520239,-71.81300208520062
26.827744277496745,46.398538637249224
21.996746988169033,-33.688875519967375
122.25961720405209,68.46045209969088
43.19428826543483,63.02122479562114
118.91728819931035,-69.23915761031088
88.70780571861741,71.92807946741624
63.0557416133294,-69.64319852560706
20.370640007419265,-26.522509582792253
135.6769900971106,63.64442037650454
55.92336276732805,68.0237302706835
98.44814797229775,-71.74805702388015
24.776052973019347,42.14584861630115
111.01912136238809,70.62058428014835
37.56901443122429,59.44574510077346
74.64794989978725,71.28135924990826
75.46679578232603,-71.36032719389341
28.21322020455405,49.01683846673059
21.241890355388634,-30.973510466860564
128.14586654779356,66.83120052553885
47.332029054364895,65.11889121539394
111.82121815131464,-70.54849317012629
97.60282980488734,71.83339390107938
56.43251073350217,-68.22904441907004
33.21833584088381,55.61338574635458
139.56858450711806,61.5305967205723
62.261165417429034,69.57795288444802
89.58814194224517,-72.01871114118563
25.86889883599341,44.81330375329057
118.38402297462113,69.46031998030661
40.71722308096673,61.74727479099723
123.0543531805121,-68.40159418574073
83.18995186673074,71.9073873326242
67.41897898289093,-70.49354285855459
20.577245827287012,-28.241983314064086
133.19050400627086,64.97823541006835
52.23048201340367,67.0508700358148
103.82751902429592,-71.50469768082517
106.19283247353728,71.29592114358202
50.705122945399914,-66.54817103674347
35.629360827691144,58.054929580826524
69.55796000544481,70.82888333276618
80.68029360940712,-71.83686436969866
27.129110016157945,47.45478698500105
21.525134303950377,-32.684703285684904
124.84715303177319,67.98592022273944
44.44158182589106,63.9373113219315
116.51927715645019,-69.9073487091794
92.13269720881854,72.09266029120799
60.202414248117144,-69.26407675382723
31.6827252385184,54.13942479715077
137.48808533736104,62.946992349089186
95.14290796395136,-72.05107457878727
24.982254171377402,43.21259732530797
114.12183755611062,70.35156076215854
38.46491107849581,60.420497031821334
126.85840922924865,-67.45469855456543
77.73469510972902,71.71406311011991
72.15982740818848,-71.21529407740438
28.586082308446706,50.06509326179679
20.810149307743032,-29.959652009172768
130.4158831713803,66.25534603418406
48.85724151088454,65.98541258971649
109.02104047316723,-71.09731641765167
23.25491276479529,38.896629228571236
101.03642206290557,71.82338888031872
53.901823498184704,-67.73145054835976
33.86057309905334,56.626257482282945
141.14472465455992,60.774129150084306
86.13277554496742,-72.14970452845446
26.12907498359304,45.874822680778855
121.18386460852543,69.05483113671811
41.81498185069928,62.69042584730899
120.89458431975902,-69.1342733597016
86.55094238424836,72.1787254125455
64.3603247616691,-70.1949453522148
20.181048514882917,-27.219439901749436
135.16696996682302,64.3198405830558
54.08765941989241,67.85223056270728
100.66662107834634,-71.90895572907827
24.161397219469716,41.597842759057905
109.4725110151362,71.11863931747125
36.41603743467184,59.0474968628865
130.3354266664298,-66.41142010327768
77.25028110597898,-71.79299020926655
27.453131802328283,48.50956571944246
21.07099108476629,-31.6751894672349
127.32026214230702,67.46600721090822
45.787072325654165,64.83890976383543
113.95371227431764,-70.53599178227947
22.575289181333755,37.25462412421022
95.61219211373844,72.18966638584534
57.458046997255224,-68.83295552912783
32.245523704690505,55.16421474798774
139.20539366572615,62.221711616901885
91.73109146781859,-72.2899780685401
25.205351179509517,44.27867866355756
117.13282971229131,70.02402699111059
39.4294414937425,61.38657468330627
124.93000050366831,-68.24310850411091
68.91271376113409,-71.00618718591633
28.986389686339955,51.11121268229746
20.393982979362054,-28.94094590664158
132.57438009078552,65.64168744107405
50.50341142176708,66.83221967359297
106.05427455079457,-71.5961841741099
104.45638025571569,71.74573813210962
51.48676261283259,-67.18996093780541
34.55053281398259,57.63397464751717
142.63904533339615,59.994564716048494
67.39355241859803,70.83422250547137
82.63576263342068,-72.21241572865641
26.409346834325362,46.93523501540792
21.36164097255346,-33.388245457724196
123.87111404410575,68.59882971495087
42.99874702305842,63.62172272582055
118.57347788752057,-69.83335559064561
90.00814678026227,72.38450683319351
61.40020786901918,-69.83915577924652
137.0414688993722,63.63020405722205
56.08992923949794,68.62695479146204
97.36615626550366,-72.25339109932955
24.35102465187322,42.66787520692407
112.68210895126231,70.87820215381447
37.262396887866146,60.033001605494896
128.62492959617893,-67.24751042610248
73.84673412752984,-71.68174838809348
27.801345999318745,49.562678055803616
20.633505783563265,-30.66057811887916
129.6770446936855,66.90367970210657
47.23971892828954,65.72431296140094
111.21561194786914,-71.12102356226411
22.694782480469406,38.331070031795925
99.11991933301215,72.21787153614119
54.82922712990426,-68.35283830323723
32.84989276398568,56.18483614198802
140.83275324215276,61.47062101755977
88.23441493858067,-72.46202625699081
25.446335260055815,45.34396109423103
120.03925002178006,69.64069829586717
40.46891216840735,62.342982725071074
122.851236259144,-69.00337116757056
84.33171831336861,72.40201642148962
65.7452217452622,-70.73497969320215
134.62311522104898,64.99291646080641
52.28089883665991,67.65697318108742
102.92477762473838,-72.0408159549459
23.559937517035994,41.04375017083585
107.83734477912311,71.6011810327213
35.292348872963665,58.63595813547794
70.2190021386282,71.39585237268265
79.12424164373944,-72.20600299703214
26.711009708075693,47.99437511498376
20.901325487286865,-32.3780095935236
126.44050769620092,68.0953683511737
44.27652447754205,64.53977498663858
116.08253849702488,-70.49511983386023
93.5379497435498,72.52229499101202
58.54991482802619,-69.42903440733285
31.29729966347578,54.70429868659991
138.81751727270296,62.9116270204728
93.94175226759774,-72.5343440650316
24.55663337979375,43.73737081494242
115.80329379358844,70.57684291767588
38.17385323662917,61.01063954061107
126.77772566478525,-68.06026954308109
78.69859782431347,72.24146422181238
28.175450530700815,50.6139098518241
20.211910269003894,-29.641099270058152
131.9174396078914,66.30186178216756
48.809258279411154,66.59158927384672
108.30261325665604,-71.65815668195626
22.826602499666095,39.407484857658915
102.62827642517142,72.17682988162498
52.31996015550691,-67.8268071912968
33.49932941135199,57.20081904056052
142.3742499247118,60.69562623015495
84.6782021048885,-72.56511913183839
25.70629763535778,46.40830395283188
21.19938966833683,-34.092888401007784
122.8313689189579,69.20455418466746
41.59032440178483,63.28859581620273
120.6116808143135,-69.73221477051655
87.81073433733367,72.64998617626509
62.67413615624757,-70.40413908589852
136.5648746381247,64.31160480081375
99.64082606948165,-72.4269762151364
23.733603190129067,42.11689171861339
111.1556818523303,71.39116154371573
36.09062859674374,59.63155842876107
130.35888456086167,-67.01775762737816
75.6259624757648,-72.13042218057915
27.035493126438677,49.052063859793265
20.458024804270675,-31.3626522617123
128.88922308429366,67.54754046645162
45.65712360233111,65.4430068084513
113.41473039874568,-71.11553251645803
22.146126141954362,37.760125973084584
97.11355429231708,72.59035496909183
55.81764480280386,-68.96765497776053
31.865111917296343,55.732196938575825
140.4990954863091,62.16626858402803
90.41379721801323,-72.74859223498932
24.77914177988473,44.80620892993917
118.82090947481569,70.21723605036978
39.1564372662386,61.97950316039862
124.78271669027777,-68.8469081275274
82.0551351816846,72.59685315585699
67.21532350737577,-71.26222883991002
19.80547746042094,-28.616969933392205
134.04290281129218,65.66339065776698
50.50619059452959,67.43855313751574
105.2158026990573,-72.1429529173363
22.97133847744275,40.48378066911846
106.1096867980659,72.06689902020454
49.93196745691622,-67.25795038385242
34.19773087537689,58.211638383267584
143.83410134836873,59.89849713241925
67.98711741814246,71.40889302970153
81.09044770214985,-72.59791104410526
25.98644101422784,47.471556163502015
20.73281253340109,-33.08193699525134
125.50247176403323,68.71873867360208
42.80144196945776,64.22213879055073
118.20137562053142,-70.42602350469566
91.38142172843779,72.82985374582242
59.71293493079825,-70.01651871890657
138.4032194581265,63.60018589812042
96.21566464009098,-72.75061831027608
23.922377011318012,43.18961621515719
114.39037751590041,71.11775082869102
36.95051220177377,60.62004475274348
128.59409393071346,-67.85365777899248
72.16801261014086,-71.9864268932312
27.384377025390815,50.10810676537403
20.030941857750467,-30.342407359094867
131.21655347169363,66.95841417669898
47.150197318485944,66.32963025967877
110.56522605083151,-71.69027787750052
22.26458024760324,38.83914813785186
100.70607744213487,72.58774945049362
53.208690027510805,-68.45820916976255
32.47541789276022,56.75593452593675
142.09048491219772,61.396142564727825
86.807067651046,-72.89350854221885
25.019560918987132,45.87426090899705
121.72317551413578,69.80238559894372
40.216867007114686,62.938565697848915
122.62857811022961,-69.60430218156954
85.54429742720293,72.88782249984506
64.02932773697124,-70.95806740167163
136.05609409021784,64.99098387055857
52.341721298108745,68.26273366967075
101.96055900771063,-72.57092759531831
23.129637893862224,41.55986557984881
109.53785400524539,71.88921726119783
34.949446545983164,59.21670554747558
132.0578353974972,-66.76608984514455
70.92835451374373,71.95911275671489
77.50058753747335,-72.5598863307096
26.28809274793343,48.53355478285264
20.28362186382874,-32.06583982047432
128.04861350628386,68.18647007035749
44.11085752417814,65.14216388062687
115.61139429052186,-71.08083491419686
21.60864133602721,37.183978800474414
95.01708318992367,72.93934456788818
56.871709481462304,-69.57524547164812
30.905825865031655,55.26877478100301
140.14226406605877,62.86094413789284
92.66777960090921,-73.00804965842595
24.12710801528436,44.26181294014179
117.52367580581765,70.7835438135549
37.87773909416602,61.600592403167084
126.68487285623672,-68.66542206489068
27.759410306906975,51.1622917952805
19.61932275316925,-29.317495330281286
133.42355445815247,66.33097967572465
48.7662609154991,67.19761550018175
107.53227720270816,-72.21481450258246
22.39526549438079,39.918137294025776
104.28588240239718,72.51439155378047
50.725733586991126,-67.90392261686975
33.131879802233186,57.775036515446295
143.59613411817355,60.60311821332626
83.14992935850329,-72.9672030120118
25.279005205255963,46.94138899456751
20.56536954375222,-33.78693846331906
124.50165647103745,69.33551424706948
41.36262267471622,63.88666248742624
120.30410076816784,-70.32897016717097
89.14499380748947,73.11092230045324
60.95226487945363,-70.59456681257724
137.96058843867,64.28721678776252
98.54730833587249,-72.93768635294452
23.302212603529238,42.63564315322321
112.88887389502338,71.6456380385883
35.759336787008806,60.21535847309359
130.37606703412177,-67.62391034120945
73.93810153900839,-72.45138758326911
26.61271986339066,49.594123315415445
19.85099028469425,-31.04483477824136
130.4682807398619,67.61096386091684
45.52805290419978,66.04702467825311
112.83455691157093,-71.6923545201088
98.68798403539276,72.9769806899585
54.1572936748235,-69.08361203010612
31.478402525050157,56.29978117168199
141.78648810208497,62.09601009701937
89.02077999426189,-73.19610674871336
24.348731015633703,45.33336422234536
120.54142916562172,70.3915407943636
38.878721074443355,62.57226790841463
124.61921437582755,-69.45009124742143
83.21379224338833,73.09680159195139
65.47114450259335,-71.49988750316659
135.51269234762253,65.66810969709745
50.51667679079784,68.04465815811822
104.31816120365693,-72.68446373003081
22.538777382814068,40.997008354271635
107.82399926249236,72.37104757775784
33.83858914484311,58.788970845736465
145.02055186262447,59.78892387800723
133.7197137789558,-66.49319246186404
68.62548683942356,71.98045596552618
79.47314595473073,-72.96863158587514
25.558704537017185,48.00744501518978
20.110210723204137,-32.77010680979363
127.1510479389277,68.81996042974286
42.602024107902764,64.82246935561558
117.79867564934443,-71.01705864778418
92.83124433621222,73.26331796602332
57.99643475498646,-70.17488405676568
139.76062107585474,63.55450882667461
94.99206166452164,-73.23909113471815
23.489845786365112,43.71101171498242
116.14209380595663,71.33862978734807
36.63283924364246,61.20685006928986
128.55396589776717,-68.45952228763848
70.43111157417405,-72.27359278716975
26.96194629179754,50.65306978665176
19.43413585390164,-30.01914586881767
132.76200724963937,66.99537033951825
109.86630406355643,-72.255994366537
21.83138557852861,39.34701646915455
102.36270294970473,72.94216750057605
51.5735486607322,-68.54498011830827
32.0944168713684,57.32663966583327
143.34058167156772,61.30736044651457
85.30280728280796,-73.31232383452769
24.588276411305678,46.40414444756584
20.398912022159102,-34.49298141002305
123.43317218443849,69.94502520841955
39.96062215279298,63.53401168620242
122.3848886775031,-70.20434246258418
86.83222667787395,73.36410840620485
62.27339561514893,-71.16224933783646
137.48751522689014,64.97253185325403
100.93011614995886,-73.09453381519985
22.695770850538217,42.07567234932957
111.29346744453181,72.15928933597401
34.60012411657217,59.79713938550115
132.12101531035967,-67.37171182160422
71.69006532097006,72.51836175976372
75.8084048643226,-72.89765778358007
25.86001820268278,49.07226890728758
19.671966305962865,-31.748346759564658
129.66883528159897,68.25908865595059
43.94430727350965,65.74447764601234
115.1029479945982,-71.66434183690947
96.57301590203492,73.34294873671476
55.1705091878491,-69.70239978642877
30.507833294038768,55.83280656474513
141.46087012609442,62.79511675177627
91.31659107281911,-73.47144660282963
23.693399851578047,44.785863587085245
119.28065586570735,70.97115304007504
37.57604314731274,62.190334598163545
126.57904741082405,-69.27014380964525
80.82531016240007,73.2757956751673
67.00513678480762,-72.02844449216974
19.03231945223085,-28.98898421486277
134.9319808926201,66.34272700529876
106.70570433161797,-72.76694252973138
21.96067173228453,40.42852460917265
106.00968630076189,72.83522815696287
49.12174651947698,-67.96269857510973
32.75770504761411,58.348870521039274
144.80932133710334,60.49682132802505
135.34281624073898,-66.19977845168852
81.54546077596358,-73.35507631126941
24.846881373536355,47.47401891221571
19.93770323991889,-33.47541985501243
126.19196230504357,69.44744711546126
41.13144391263653,64.48461777067422
119.96984601203623,-70.92446465426464
90.55791432948513,73.56074452004314
59.19723052891274,-70.76576603315101
139.3523596295916,64.24681115143238
97.38113676391689,-73.44048009637638
22.866966639103154,43.154035834890244
114.67044972388092,71.88140254040418
35.42161492595419,60.79886740400925
130.38669743347788,-68.22987968423848
72.18673020610139,-72.75505867677137
26.184450808906046,50.13568700569606
19.249824990448158,-30.721885996562047
132.05488079347592,67.65621572806519
45.39969436932205,66.65096555574334
112.20965769225774,-72.26624182253731
21.27936809048084,38.770608164401615
100.33751642056437,73.34865128126499
52.47978510452098,-69.18060744188388
31.084898236117297,56.86692220120482
143.06627706224702,62.01113349637412
87.54811852272097,-73.63169198005409
23.913825433960458,45.86008420315972
122.29171438864016,70.54652764682083
38.59577185818238,63.16485167880026
124.43829870972455,-70.05263016488247
84.44793737883221,73.58807332700437
63.682136267862695,-71.71854037496479
136.98166940617406,65.65592463364165
103.35652971617453,-73.22026986406345
22.102683686008366,41.50991712660265
109.59881877213033,72.657380903409
46.80100035396387,-67.34003787767203
33.47256396485545,59.3659348107519
146.1974734774045,59.666074170606585
133.82671993285734,-67.09778507609688
69.31252107594425,72.54865752045318
77.78231418814718,-73.32368028578435
25.125802648876565,48.54284252245983
19.493778723059627,-32.45290914053446
128.81404947108538,68.9023193494687
42.40011431575398,65.42271019621366
117.3627897061549,-71.60634430900747
94.36119874629631,73.68403467875295
56.253500390483566,-70.31388752010889
141.11209888286848,63.49334085694309
93.69047049976095,-73.71809580317719
23.053158523707843,44.23200020692302
117.9350144858184,71.54026293622192
36.308817838539305,61.79339117642215
128.50399448995464,-69.06509988351661
68.63697698684075,-72.54247438398414
26.533670578480923,51.197510070378186
18.843020516880244,-29.69093890021088
134.3109868918274,67.01455352207536
109.11466185409598,-72.81787735676217
21.394973306625005,39.85461209231061
104.09082696726496,73.28023168539092
49.92657551154744,-68.61301747077967
31.706364793778224,57.8969078351345
144.58190260050213,61.2044910888938
83.71844737318096,-73.7175782808206
24.152171667547552,46.933551112184105
19.766009185326876,-34.18174617101362
125.1663628123247,70.06830196142467
39.69967337625396,64.1293074784155
122.11849336390642,-70.80344075841784
88.2002515864424,73.83010884032095
60.479912227520394,-71.3469985961221
138.91548283680493,64.93768522936746
99.8282845792994,-73.61107763121244
22.25808306726469,42.59110804047451
113.10281960099783,72.41066256038765
34.243814824271915,60.37722493699006
132.18022365493388,-67.97721650615325
74.04718396319078,-73.21843434690116
25.426431232643502,49.61045828536574
19.066296412626716,-31.42568075810666
131.298440619244,68.31313048703815
114.55394998413043,-72.24546795766746
20.73888538197996,38.189096065679095
98.2084826412806,73.73219161200834
53.449243059444484,-69.81023058508836
30.102824452250488,56.396344948629995
142.77193436721916,62.7143398801636
89.8836465950278,-73.92372113085511
23.255221550444116,45.30946093629155
121.0715447481858,71.13919460037945
37.26819859892234,62.779843347456186
126.45934667784304,-69.87442020722145
65.18458307813673,-72.26230823809031
136.44047151831785,66.33716744589186
105.81810015932074,-73.31414931904813
21.52258522761306,40.938583588221995
107.79967791342794,73.13847545673892
47.510674558196115,-68.00307941713649
32.37625219034788,58.92227914338666
146.01281425220108,60.376966514672255
135.49136627800127,-66.80288226014963
79.86255875242513,-73.72780882497722
24.40959793322763,48.00613282465673
19.316334197483318,-33.1584883346433
127.89933504797509,69.54013325892514
40.8963178075413,65.08245264268028
119.60666842535578,-71.51861282403172
92.05375570992696,73.99859484510608
57.41188384807141,-70.91731265202917
140.73848172983577,64.1905498177378
96.13702437638709,-73.93468476168226
22.427598699096635,43.6720069763103
116.49831179238623,72.097808748647
35.076875755391846,61.38205341112028
130.39046358277824,-68.83566664989175
70.37236634276378,-73.0405974434022
25.750309239615476,50.67669558118415
18.65446165870477,-30.39395245792611
133.6464184916462,67.68327617242906
111.53607569379703,-72.83694958025517
20.841337485962214,39.275461909249564
102.06385671907354,73.70443045435172
50.78806598553854,-69.258467368947
30.684071807881693,57.43357212507752
144.33722754206536,61.911855073941545
85.99190639275233,-74.05445112597864
23.474121434162786,46.38630668792552
124.06879255254239,70.68182471721637
38.30702565258186,63.75723565952932
124.23862519361028,-70.6544928889946
61.850700230323596,-71.91759094628677
138.44777974691553,65.6269487775753
102.3256126273274,-73.74986964037736
21.662809591934135,42.02244342370056
111.43314181723238,72.92509412581323
33.09907454342533,59.94249051571123
147.3640011850963,59.53018952110831
133.93215776599422,-67.70229615088103
70.05253524557524,73.11321018512825
76.01680311897456,-73.66212331795829
24.687387336272547,49.077687500208086
18.883454208296996,-32.130495767777745
130.4885576109039,68.9656854137211
42.195299436793945,66.02285643414167
116.89080472751624,-72.19374761314197
95.97476927079856,74.09107477680986
54.487188610054496,-70.43320910377564
142.4561338872702,63.41687398265967
92.30576800243115,-74.1868462835076
22.612034116523738,44.752518497998054
119.76647903661949,71.7221061595299
35.977844605532034,62.379639586679325
128.44355961677715,-69.67038531873705
66.78706727833415,-72.79230621862757
26.099149333479122,51.741368150327396
18.257524361109372,-29.35792928120954
135.8610615831297,67.01600837258192
108.30563285646606,-73.37559220591693
20.955112603846114,40.36187080417246
105.8910314510398,73.60101927135405
48.27064062183006,-68.66223291875089
31.3107035057226,58.466692582460794
145.8133687272343,61.08776702292972
137.1135297316352,-66.48777628730407
82.05098742438173,-74.10831796254445
23.710925309088264,47.46241831383394
19.13953705363028,-33.865051308924265
126.91964151586157,70.17194685873184
121.82750483083913,-71.40153835205884
89.65329205987814,74.28498496678341
58.65175162074381,-71.51182521878158
140.3381450347863,64.88659859000894
98.6494587154163,-74.11993673811008
21.816313845986272,43.106108671782714
114.9640350882131,72.64261634892122
33.87991121197704,60.95692497602427
132.23536985067125,-68.58260706835671
72.21690908344853,-73.52131286334405
24.986962193481908,50.14806142175646
18.466544848725697,-31.09798970674538
132.93462566738964,68.34854666860754
113.96074582001525,-72.82401690432603
99.92594782733862,74.10610277512065
51.71103408489465,-69.89851851736474
29.69027266961897,56.95933803882825
144.07411804078103,62.618829266296686
88.36431329302611,-74.3639859244376
22.812276138377275,45.83254133409064
122.89329999136106,71.28723365526193
36.95359275310077,63.3690939190332
126.32475384826665,-70.47823411541194
63.3162052457552,-72.47644373738252
137.94679775820964,66.31440078025885
48.668942569925264,69.01481821524501
104.86415173294913,-73.85599301519207
21.08076370385656,41.44824962287697
109.65532002370962,73.42325798635162
45.8952408209089,-68.0250532300059
31.986931438830972,59.495217699287586
147.20567766546577,60.24379819410707
135.6405620712019,-67.405913209581
78.0993357287035,-74.08442255831949
23.966814060679166,48.53766770554228
18.7012001075064,-32.83629718685884
129.62066328798784,69.6134012093579
40.65673178086132,65.68015704361441
119.21203141550981,-72.11131711433747
93.63678129052417,74.42354310766618
55.59939212372556,-71.04882716017511
142.11730515102093,64.1186209122882
54.803902014261894,70.87098453985537
94.8093297069381,-74.41955393666369
21.98383397813737,44.18949211262837
118.36988561064207,72.29423870394541
34.72448768856651,61.96488223568421
130.38701273990364,-69.4412717485479
68.4960757146706,-73.30716365331438
25.30990188825529,51.217087243732266
18.064828613450906,-30.061178262920098
135.24026321206068,67.69216775425834
45.14437990863467,67.85862424922604
110.80937187659408,-73.40419960129587
20.399906674749843,39.77997101244481
103.86828789365804,74.04334193581748
49.085210962565775,-69.31706613260295
30.275363477558876,57.99968013659299
145.5981702221792,61.79840876230563
84.34832788667342,-74.46341805160426
23.029304676597803,46.911967507320796
125.8694127366773,70.79710735937466
38.01187058295264,64.34939929660965
124.01867655742554,-71.25564249914932
87.16395881897749,74.54158915736919
59.97968678385367,-72.09647713657125
139.90901065645406,65.58132790906424
101.21959862633376,-74.27269907570984
21.218900312048007,42.53452215683045
113.32540839949684,73.1733890525323
32.71749939392518,60.518595409441765
148.51933073262754,59.38152253631586
134.03613840866961,-68.30672848204141
74.17594813888928,-73.98299554439359
24.24309649721693,49.61191646041303
18.279169705174827,-31.80301600221153
132.171556177105,69.0099763819184
116.3794330787728,-72.77911694738386
97.6752533642054,74.48344417053598
52.70079583730238,-70.53257795579482
28.72436661455552,56.474664977984524
143.79127209228557,63.32532288633075
90.83261776091649,-74.64447816321083
22.16618231935489,45.27250157126614
121.6334117264672,71.8836550593936
35.63926828566735,62.96556447413883
128.37196178340193,-70.27537201818147
64.88339417279158,-73.02233805764716
17.677571960521124,-29.020257421012694
137.40981094986515,66.99981876958832
107.434006518075,-73.92875939409859
20.511566684233077,40.868727031154535
107.76336313803104,73.90358552321314
46.60868345549192,-68.69258512687261
30.906838639515435,59.03594447201049
147.03396723731694,60.95743556551566
137.3039312638742,-67.08888401115524
80.29770848446253,-74.4835297963185
23.26420397800006,47.9906813236971
18.51943327093556,-33.54305169260997
128.68970094643095,70.2557412626255
121.50978951781927,-71.9985678935775
91.19639249003347,74.72781918503257
56.792164985346446,-71.65628340771248
141.75370732676046,64.81945518335718
97.38757330728244,-74.6204156159559
21.370194711171376,43.62060859888891
116.87469930491818,72.85445336947184
33.50776105068777,61.536199506864364
132.28634892338593,-69.1878865357973
70.31813702737051,-73.80537786630606
24.541225690756388,50.685014353690356
17.872639675980142,-30.76541904190299
134.57454268152017,68.36533410786217
113.31921584144645,-73.39976477248116
101.72750451120473,74.46365982997825
49.95916977246625,-69.967095148356
29.269619684883857,57.52173088327361
145.36615161891368,62.5088199955746
86.75393198764567,-74.79127603803587
22.36425645789027,46.35503914899848
124.74254290291694,71.41488310765958
126.1741202539911,-71.08156544909563
61.40276758075281,-72.67021047243993
139.44876884771756,66.27456222257258
103.83797170574334,-74.39197404773996
20.634958264474,41.9574566043699
111.57547941665915,73.68869778305913
44.27818939360431,-68.02865243490551
31.589112739091014,60.06763846103138
148.3870413373355,60.097572981237235
135.79069488550033,-68.00887154136944
76.25435717798794,-74.42389593328379
23.518175552718194,49.06855822302471
131.35270615397772,69.66713038458026
118.78306420138097,-72.70246584895749
95.31117613179215,74.83458428348845
53.76321645283688,-71.15998052135724
143.4872478238965,64.03123742892139
54.99856935952928,71.47302445470457
93.39206993487888,-74.89425994975393
21.53538901404622,44.70642496922458
120.2821128243727,72.4701115650111
34.363770162260366,62.54731690808265
130.37594565287768,-70.04669495620278
66.55952954039601,-73.55392425064952
24.86281785627622,51.75679755341907
17.48085007003489,-29.723705078079668
136.8337836765875,67.68295565576807
45.017015422662034,68.46234560037138
110.02455727521499,-73.96767504838121
19.95484431090706,40.284069006976
105.75156923315427,74.36437525495231
47.37439140985774,-69.35632839024726
29.858178159493587,58.565192257800994
146.8480062490731,61.67104473291024
138.92116862024133,-66.75203784561808
82.6137530786552,-74.85755621809875
22.579049463286196,47.437000356948886
127.69007292383101,70.89210331255917
37.70964118205904,64.94132009389882
123.77673523123791,-71.8560363786723
88.65716305113693,75.00213596918465
58.07239211973099,-72.25467961780159
141.36340660802708,65.51923917999184
100.03212142550016,-74.7881235290496
20.770693697154776,43.046086596701095
115.27345699797931,73.401483953498
32.32717238349031,61.09420386852199
134.13878190055846,-68.91108476442345
72.25966557883444,-74.28530774553188
23.792553069520682,50.14546343888928
133.85996230890348,69.03515935886493
115.82495376554729,-73.36227888360565
99.46565620983857,74.86008447307371
50.89782762870543,-70.61177675581084
28.29281197994661,57.03331744299119
145.116132564027,63.21892348598429
89.26552104782954,-75.09004263278464
21.71530324402256,45.79188244828438
123.5323337597294,72.02445268069016
35.29238448845015,63.55113241773891
128.28840984133998,-70.8800518983593
62.928554669115414,-73.23184481949757
17.103084229642807,-28.67806132779729
138.95484695186386,66.96610728376712
106.4939594971495,-74.47694759605439
20.06409249841095,41.375113720274726
109.70724556765511,74.18697218096004
44.94368294659021,-68.70408073354756
30.4941363603782,59.60461080053961
148.2427548372879,60.813757447868504
137.49744571573834,-67.68989970293464
78.45628534565242,-74.84214406141822
22.811661631088313,48.51827310752307
130.47306499388174,70.31952050835946
121.16292770756492,-72.59445200051175
92.83465160326817,75.15761033215841
54.904760875143815,-71.77997854661817
143.16044503413775,64.73646554029996
52.82724850820018,71.2860911706347
96.03609319673765,-75.1117368655676
20.91944899863594,44.13454039234017
118.83183938468555,73.04550936076075
33.1266627882908,62.11500546898184
132.33303952112172,-69.79305779322225
68.3520741913253,-74.06971106103734
24.088819577747948,51.22125045952013
136.2153287045205,68.36353600974778
112.62470448527385,-73.97245559079917
103.6147594373632,74.8037927786107
48.197068302676676,-70.01584583154911
28.84027301286062,58.083465196634144
146.64684064745953,62.384565005964404
85.04790532919552,-75.20454560965503
21.91084459922098,46.87688662775953
126.61558459318374,71.52180983884338
126.00614427094447,-71.68439072987505
59.44755662680342,-72.84300800249207
140.94425002483132,66.21782136863807
102.73303924567887,-74.92152669937316
20.184913051617706,42.466136803659424
31.18212199689242,60.639490357657586
149.55610206897947,59.938558371234265
135.94208503478632,-68.61175718888346
74.32675512726283,-74.74516994116689
23.063314022529113,49.59873656424278
133.09212743689773,69.701253254701
40.16188492981645,66.87512824781155
118.31650738455333,-73.29193088014688
97.08094309917887,75.23063695977929
51.907080893252356,-71.25049957921665
27.344241842078905,56.53489564819726
144.84680468129574,63.928635699615455
55.21371834765509,72.07442312392892
91.87895023027026,-75.35788603038998
21.08197122550919,45.222737330497786
122.23145584858007,72.6248925739884
33.99398842576761,63.129317451746445
130.3568094834113,-70.65193565774666
64.56505427601084,-73.78006399696424
138.4243731828152,67.65574733195234
109.1760149861066,-74.52701416040028
19.50591312798396,40.78768797253104
107.71382839136609,74.66649351959178
45.658841807853634,-69.37623065120671
29.431882373764072,59.130051041401174
148.0857112527161,61.53002792191353
139.15525023433193,-67.35068951298676
80.78485421782048,-75.23575909344697
22.1230180908313,47.961336638104676
129.52705430029164,70.96659726004377
123.51085040364178,-72.45562529301903
90.24842815861935,75.45059767191562
56.13254360067142,-72.39173009865245
25.987466554480218,54.96237063903986
142.80908379230465,65.44088971714838
98.75622421160658,-75.29542828649076
20.317919857261383,43.557068248983185
31.927378350377136,61.66926688449633
134.24021866547957,-69.51536759323618
70.26855139006945,-74.56805580013304
23.33536410766815,50.67825980234645
135.5506590193221,69.04125170551256
115.22314279232062,-73.9430344836773
101.34856590436839,75.2198754646129
49.0819622053034,-70.67064543606182
27.852398305192157,57.59124966399339
146.42941436230137,63.0979313428808
87.59889043970101,-75.52250085636464
21.25908683759971,46.31059204787737
125.45938631353445,72.14409700170873
34.93642975568291,64.13630710293702
128.192006354837,-71.48441515249337
60.925751301012,-73.42013722995515
140.49383505884595,66.91503419880283
105.47897936345488,-75.01966556044147
19.612440420303187,41.88096222549152
43.27862651323829,-68.69677472612844
30.071919779820114,60.17263527613386
149.43886028897538,60.65700539763845
137.69456803040833,-68.29081853315375
76.52491509882482,-75.18303893667822
22.352938803992192,49.04512415742472
132.26612627722747,70.36317681868378
38.59711717240182,66.50867480988563
120.78416570976744,-73.18910156535703
94.5731277256325,75.57326967643534
52.9934753593801,-71.88257380865836
26.42318083527127,56.02690438875514
144.55671444205905,64.63786587878032
52.96710004716452,71.88958537294238
94.58801570080139,-75.59303181716128
20.463791427849184,44.64783470128396
32.735860476124174,62.69329641294428
132.37530154904726,-70.39812358284283
66.32064802664368,-74.31340244569346
137.85413465802043,68.34324177306704
156.66751443985856,51.250882795743514
111.8719375666596,-74.54179589094232
105.58870562069093,75.1253905592519
46.428240983972664,-70.04471185996252
28.4016030670894,58.64447905016668
147.91507054463722,62.24633350345654
140.76338667192138,-66.99212182505444
83.2418113062391,-75.6026657748213
21.45171130676361,47.398013739027434
128.50846095758808,71.60774039436427
125.81934600193881,-72.28668254875696
57.45437475292225,-72.99428563349818
25.126466640870305,54.44022108981662
142.43117956797659,66.14438078599021
101.54213925561943,-75.44400939779665
19.7303648980759,42.974220754107805
30.765236895886268,61.21071863831734
150.7121250619711,59.767031411572596
136.0950862501215,-69.21456974206087
72.3163495587744,-75.04715651312716
22.601846057014196,50.12813225285687
134.83553236642933,69.71575678971033
39.90533452110102,67.47236853476922
117.80864787786227,-73.8795647424021
98.94977426085039,75.61054339901578
50.03493389713475,-71.32017180413621
26.89379127974786,57.08901399026736
146.1945558599392,63.81107370506879
55.45117931925644,72.67514011010773
90.26341472307573,-75.80941837744015
20.62327843144604,45.738358896876115
124.21391542649933,72.75810195095067
33.614347691218235,63.71084055205789
130.3290893716123,-71.25699257449911
62.5156698598252,-73.98479722352938
140.0094742777191,67.61069164341662
108.25741092266462,-75.08180278983235
109.75445037878372,74.94864337394004
43.941824356675724,-69.37680207811131
28.9958008808378,59.694195241353924
149.31033841799103,61.37563650230526
139.39504410224603,-67.94919671018056
78.85874480455246,-75.59685250868266
21.660860176406572,48.484905292734815
123.21879839040332,-73.05435227777626
54.16427292501905,-72.50721932147209
25.528878181437026,55.509765597124186
144.2442432696164,65.34651495545903
97.38433143355935,-75.79380803360876
19.860300771682546,44.06739672853427
31.517348221788776,62.243731706277714
134.34059124916794,-70.11957946433509
68.20397802100064,-74.83023191462638
22.871119813929894,51.21023404994999
137.24052867361388,69.0283212719806
156.7436790499549,51.97232494522858
114.56919048903634,-74.52115483896766
103.32600935572103,75.56163977823714
47.257008895220395,-70.7090841259059
27.40250288392983,58.148395513866134
147.7299022602885,62.962619968443114
85.82715137139041,-75.94071912281488
20.797212337245686,46.82855902909299
127.41036477874988,72.24224794007871
34.57057485969387,64.72104898977243
128.08173006170503,-72.08844998513267
58.87879782649441,-73.5865729560589
24.289923288231492,53.90969315245725
142.02451425277553,66.84679611311803
104.38178107001293,-75.55635258773249
19.15635392734685,42.38620219298437
41.61647882260446,-68.67077017149326
29.639465012986953,60.739957669141155
150.62148611754634,60.48746270373732
137.89584571953426,-68.89163487060762
74.50246053447907,-75.50504744599043
21.887661838604206,49.57116230892318
134.0651874885721,70.38666142042504
38.303362182521504,67.10296928554091
120.37035828286541,-73.78241370897766
96.41671487590993,75.97361816595614
51.06253231155364,-71.96379613430818
25.96366034128639,56.57720835836001
145.94096253506888,64.52391630696847
53.12396111759519,72.49264608145303
93.0358912842494,-76.06333052528896
20.002927663320254,45.16042011816554
32.33453808795411,63.27102213100672
132.41297336550298,-71.00308649716271
64.22656834420674,-74.53556298924696
23.16229975436503,52.29129116981481
139.48815408447584,68.304586298118
111.05492544861032,-75.10744818618721
107.64958542058673,75.4273100673988
44.65625199650643,-70.05369181973867
27.9529400264792,59.204706537744826
149.16981031416796,62.09440931837315
141.04279018563724,-67.58782311877098
81.33154544794503,-75.98442429505825
20.98651536123398,47.918348007890735
125.61203676678915,-72.88840891247078
55.427519115789266,-73.12355197936682
24.660567491814355,54.983884357780894
143.90758433600203,66.05447428653886
100.25730245075717,-75.9586935789929
19.27104296850262,43.481637124648856
14.217096973570035,12.187943472868898
30.337682266763682,61.78126449672044
151.85444458878868,59.5832773718891
136.2500908076413,-69.81730841100934
70.2237736678533,-75.3287493406622
22.13337232779637,50.656671946510706
136.579506081113,69.71068312895979
156.81788094197398,52.69439843297007
117.25524078668836,-74.46519720084198
100.92089567573991,75.97307173013827
48.15090286158989,-71.36884922120379
26.4337492123749,57.6422817191189
147.52917354390993,63.678829254522164
55.713043847506064,73.27512842623834
88.53872575125351,-76.24773845967701
20.158998355439394,46.25321713887244
126.22506190695657,72.86932343817915
33.223986538605786,64.29183917414852
130.2921983178325,-71.86186367578533
60.415112526433546,-74.16738045361808
23.477107515695426,53.371151915216124
141.58660227071968,67.5479775037779
107.26159218167341,-75.63156552500652
111.87196841382082,75.20976725859587
42.22659281233279,-69.35812455472049
150.52102061086117,61.20816033437831
139.64126206710506,-68.54754684831947
76.83314148307963,-75.93959947332142
21.192211950737303,49.00763262033116
133.23427090571062,71.053524701173
36.75290557144321,66.7153661735868
156.01084520482704,54.38375675463255
122.89803473649347,-73.65215128215311
52.17207680374094,-72.60080449240958
25.061193096468493,56.05626486014368
145.66718254148662,65.23637673434332
95.90823316842234,-76.28235520326503
19.397549885005894,44.576999619459805
31.096253584512045,62.817541446546755
134.4400563695331,-70.72372277622358
66.06818419368787,-75.07083791559165
22.399392515394773,51.74131159697719
138.92648650396814,68.99648594186377
157.63436947028308,51.71850754474939
113.8576030766178,-75.09637567058536
105.39929046567714,75.88415027373323
45.426862581648834,-70.7270552138394
26.94246446442062,58.70468473592357
149.0164712440513,62.813279045463844
142.63750258630836,-67.20762412266275
83.94487721421265,-76.34346529541678
20.3293477078471,47.34570963326325
129.3807638945109,72.31863363416674
34.193917201725434,65.30531493017203
127.95641469051684,-72.69214229576919
56.792107943198076,-73.73056790650213
23.817472706248502,54.44964912768572
143.54471542178982,66.76162416724023
103.1942171159518,-76.08636737926544
18.695569270584723,42.89076143329365
13.901648309035515,11.527654733355053
29.19599682774459,61.30651342018911
151.7899095289604,60.3054217784477
138.10188668245985,-69.49234216983803
72.38860504108847,-75.80696719024213
21.415442074415058,50.09631254621948
135.8665054506283,70.38998578581187
38.00075013538794,67.69700024108116
156.89013178764023,53.41708406109596
119.91789900046876,-74.37426928336514
49.11639449435713,-72.0234413583565
25.49448201428827,57.1265995180144
147.3117351901672,64.39489887060307
53.29935631099856,73.0952492396711
91.37186991462579,-76.52155136177585
19.536553860689892,45.672223032373296
124.94398621156948,73.48806113805101
31.92181315850411,63.848128244771395
132.4458684022197,-71.60794897518328
62.073373353947915,-74.73533867053473
22.68728814667698,52.824947322192095
141.1146508464986,68.24774871357826
110.16684977358828,-75.66902311575735
109.79674875935308,75.70838793432516
42.88467658558764,-70.04284210729348
150.41011519227936,61.92908921893849
141.33061509563484,-68.18329203943696
79.31349431587705,-76.34852751215692
20.51490293868332,48.43781434451055
132.3367530876641,71.7158461821976
156.06199122744712,55.10710476723782
125.38228211160698,-73.48953244762164
53.37174518001252,-73.2303840978222
24.185563448135408,55.52659767436931
145.3715935469559,65.94836491902564
98.8697501831896,-76.46475098962968
13.785209494169187,12.628615229511766
29.898624956357523,62.35106465510222
152.98246400423685,59.3875884369383
136.40753560491817,-70.41997197771732
68.0505972346826,-75.58883728977723
21.657476661839226,51.18427922856844
138.32065268286385,69.6861294569074
157.72326047987556,52.44096132675093
116.65141529596443,-75.04863103694936
102.99688508460092,76.31692086592747
46.25924294357492,-71.39645136500155
25.963465552848458,58.194624548880775
148.8494274094845,63.53219806381519
56.00171165562637,73.8743333654381
86.69807908009561,-76.67161601622446
19.68880811030044,46.76723713522585
128.2600804570433,72.95821218138154
32.82196948551839,64.87226213656389
130.24546496870678,-72.46654607352109
58.26783853720126,-74.32712557051384
22.99881328219668,53.907432035415034
143.15336707317206,67.46783207055016
106.1804722341576,-76.17575511119642
13.589847916396618,10.865311630912819
40.51635653771546,-69.32033201419547
28.09134852506991,60.82007370129752
151.71697160739578,61.02789940108243
139.89469368495455,-69.14572571668701
74.70654714788607,-76.26270799655558
20.716695524242116,49.52944209142946
135.09637647604575,71.06584229057437
36.414404721921414,67.30604283857433
156.96044209958683,54.14036306209221
122.54563594848311,-74.24894551597637
50.16076559681786,-72.67221587683127
24.583822347809377,56.60179145860748
147.07630537211858,65.11076120745005
94.31908921889446,-76.76004726541309
18.929371694493984,45.08580233623637
30.6632006238346,63.390634635626235
134.53878737654242,-71.32779982491684
63.86435118989013,-75.28890048775533
21.91973558666755,52.27141454321879
140.6055132682154,68.9459124977107
113.08208528511884,-75.66839075603285
17.511393325600896,40.593049761263046
107.5688143537764,76.18614054645539
43.595455474346295,-70.724584448721
26.471580095541633,59.26004257107703
150.28808977955086,62.6502126019687
142.96364759631317,-67.79984993230396
58.978636559265745,74.61261303037588
81.94696339670632,-76.72940722244226
19.85514905719193,47.8619675122157
33.80547218212763,65.88905773509846
156.11040826151338,55.831014215335664
127.81472326203276,-73.29547528983578
54.67066521018575,-73.8516073219197
23.335937806808378,54.988603350667596
145.0523778193896,66.65978192809013
101.90718343189366,-76.60897500962804
13.469587915597199,11.967122663863044
28.740683842274112,61.87223320378752
152.94348258419092,60.11118272969755
138.3133684099716,-70.09293284407644
70.18401361946732,-76.08757319171013
20.93587500451667,50.62049679871507
137.6663365658967,70.3732219618829
37.68832924659946,68.29074099697847
157.81084788127498,53.164015228200554
119.42263557186327,-74.96452981316492
47.159706676876205,-72.06137829830617
25.015009028399387,57.67499987708457
148.66768376610904,64.25111547850166
89.58778226724257,-76.96649056111396
19.064356199040407,46.18316747623995
31.49672963182297,64.42455573175423
132.47377110248243,-72.21271329263502
59.86545518755638,-74.911925560364
22.203808697480092,53.35758925468665
142.73098508789366,68.17295056751355
109.1999312933263,-76.2260699485429
112.02851320301407,75.96745523701759
13.281557727208423,10.200984702088704
41.11705889259724,-70.01227657963962
151.6351282467716,61.75068121705024
141.6277998768222,-68.77850532334624
77.18474125452742,-76.69360532642115
20.036506941046028,48.956334854540366
34.882408739853055,66.89748233128753
157.028821168957,54.864217091008925
125.12785667666797,-74.09000942847014
51.292214667035175,-73.31443585032761
23.700879833955316,56.06828103945974
146.82145059457878,65.82634272301642
97.36985004024545,-76.96123932595326
13.353514619232117,13.070038068860931
29.44716812282666,62.92005089102878
154.09565516121728,59.18026242126849
136.56790937619493,-71.02255874128537
65.7994407875256,-75.82632043438072
21.173725064452977,51.71087438163771
140.0556337698818,69.64224708529053
115.99156078304436,-75.62963688490451
105.179464153073,76.64072878591922
44.3642816872835,-71.4029671562657
25.48225058664806,58.745963572137626
150.1541886499895,63.37149177461696
56.319947970197454,74.47269106976438
84.73476362595915,-77.07970340075735
19.212373668781456,47.28034141018632
32.407278582033214,65.45205362252872
156.15605057320198,56.555467070915064
130.18811881877107,-73.07103588698396
56.07900563962593,-74.46341310563697
22.511480486568075,54.44266118694188
144.7074928868369,67.37051853733487
105.00490268225397,-76.71373984123481
13.157610166606554,11.303617776840307
27.62138333549474,61.38166300559813
152.8974864607911,60.83516225786183
140.15621771608363,-69.743717251428
65.84509280657524,75.94096979737564
72.47845105859459,-76.56484244507244
20.233918120203565,50.0502541445927
136.95864693141922,71.05742897827953
36.0644353501563,67.89632552384893
157.89718102320725,53.88765052350452
122.15822823369571,-74.8446454137864
48.13540100440982,-72.72126229748163
148.47012978411075,64.96997659482271
92.60746270257106,-77.22573313858102
18.455461325037565,45.59372797377551
30.217223351693544,63.962944719328384
134.63697718174453,-71.93181280303604
61.59665867457872,-75.48348810060283
21.431682318114312,52.80046142879334
142.27468617477203,68.87681485094774
112.2354001427056,-76.23684389674881
109.83390386292584,76.46631896048665
12.976641467279144,9.534742927865302
41.76670770877322,-70.70176104697957
151.54382188206435,62.473737161685634
143.3010058117041,-68.39171822009283
59.440845545834314,75.2050516914911
79.82884508535433,-77.09711392048168
19.37426003236582,48.37725355136137
157.09527699670002,55.58862821323989
127.65511670309917,-73.8984290016492
52.51997325729727,-73.94925623624955
22.844759148098706,55.52647307626439
146.5455632939935,66.54156299036634
100.51052480173828,-77.1233317624497
13.037757685612302,12.407351843382823
28.272633222645172,62.43704244541406
154.08163167442925,59.905051969478635
138.53104889486875,-70.69339811009135
67.89049214670749,-76.3456340641316
20.448539389935444,51.14363371623959
139.46098231594834,70.33650196339309
158.7190372630924,52.90203513777801
118.87976636688039,-75.55303371891844
16.474929572030035,39.37517265392634
102.62105449428901,77.06965257733431
45.19723242933043,-72.07755163061239
24.52456705980377,58.22232673058755
150.00757007153635,64.09288574004094
87.67526704397095,-77.39681225963407
18.586010401042653,46.69317496687535
31.058249826400512,65.00024039671612
132.49643198636153,-72.81738155240402
57.608060023261274,-75.06458551092537
21.71135834247599,53.889133669101774
144.33463686997112,68.08045353042202
108.14527617121499,-76.77806508079246
12.849136473022163,10.638170770385102
39.356870690196956,-69.96216535725988
26.53961642076469,60.87994399383615
152.84408099554247,61.55950287417593
141.9353868081273,-69.37343691791507
62.88274225197813,75.88766027199013
74.94330285270058,-77.0182199538073
19.55094630460202,49.47382864615321
34.49817317451287,67.48401425600312
157.9823112684917,54.61184889305538
124.84618881505122,-74.689788573372
49.19442878180724,-73.37544515263725
23.205910922905744,56.608850009838406
148.25552274831753,65.68872230306732
95.74709098018096,-77.4470861823905
28.982344902038015,63.48814951449973
136.73176133446688,-71.62506644486017
63.474071662601176,-76.0401285563726
20.681664695270587,52.23637414559249
141.78120536772596,69.57923976744678
115.26918852886253,-76.20794686126835
16.52283602849444,40.479939186077345
12.674964586971054,8.86665379414185
42.470361211463484,-71.3884556197107
24.989371837562118,59.296214842157745
151.44243262560613,63.19703593245056
144.91456125068868,-67.98638388703492
56.67095403795656,75.07012675913458
82.64237455913107,-77.47053212373508
18.729349316118057,47.7924497577131
31.978803888165036,66.03115262282326
157.15981621190537,56.31357889705246
130.11927212080946,-73.67532808231154
53.85443011231545,-74.57570516083996
22.01456560637644,54.976754150308274
146.24683539846112,67.25633357110888
103.72453238686192,-77.24478853498591
17.194469311100057,43.29610403414339
12.725640436796388,11.74269543097018
27.13843444390748,61.9422468733548
154.06194107146484,60.63026451092821
140.4268156911649,-70.34150325474631
66.66639063933833,76.51285924561618
70.14953871252288,-76.84463890425499
19.74347127870828,50.569985975349596
138.81697724270472,71.02839280468531
35.70183556628591,68.48617372931865
158.82093064722332,53.625878611823076
121.73189978934207,-75.43914611420747
46.10122459085807,-72.7478353029937
149.8472941696863,64.81435083136607
90.76339582448591,-77.67811907963632
17.975504093413942,46.10069714988907
29.757276033522892,64.53439949626579
134.7348417992309,-72.53576379416262
59.270312863093956,-75.65372919470227
20.93474472173465,53.328366964507595
143.931207330649,68.78945167691323
111.30920144917435,-76.80131905327616
12.544028938765317,9.970850298325612
39.94447828602371,-70.65873678868675
25.494232300154245,60.367640004802695
152.78282804584614,62.284179893037916
143.65074779436682,-68.98319197660028
59.94877569834785,75.79595277055311
77.58676106382228,-77.44506048720682
18.886311192507392,48.891485674503485
32.98881123791323,67.05476189286968
158.06629226531263,55.33659241405867
127.47581524498388,-74.50097970827674
50.345986530173015,-74.02316888232048
22.343348117764027,56.063171094264256
148.02246810194742,66.40728834731955
98.99294609742392,-77.62846759049664
12.6060491699733,12.84826904628039
27.790884810701986,63.00086077458001
138.75577962085512,-71.29372780247307
65.51113452950736,-76.57993154849018
19.952996338868374,51.66563843748354
141.24683340654119,70.28001625799337
118.28371322412099,-76.13959163345186
16.0098527081381,39.866300768331726
104.92445040686553,77.3951878608217
43.23378670836045,-72.07198344287916
24.022441450183138,58.768492252168066
151.33026971902996,63.92054476177606
85.62595742520763,-77.81103981850625
18.101181237089204,47.202164331530284
30.60524537614991,65.57511226771801
157.22244398303087,57.03905199860303
132.51356165358325,-73.42195566549145
55.30725870529452,-75.1926618864626
21.209409933480188,54.419493132301284
145.92322699826536,67.9705566697762
106.9926984394193,-77.32439806833145
12.417021390420958,11.07613869311772
37.6074721943882,-69.89273281161564
26.043351321682263,61.436273545813314
154.0362930995906,61.35587963815482
142.25453723323773,-69.96805757418734
72.58839101951251,-77.32087922401399
19.05782528144159,49.99021162128039
34.09982250162145,68.06998566310973
158.9223194133455,54.35026649479099
124.53429211329122,-75.28880955666409
15.482987841557001,38.14090280306985
47.084148459041565,-73.41323979912661
22.700017780230063,57.14821532979425
149.67230868872784,65.53584025944185
93.99009049772049,-77.92107140826238
17.380311551394936,45.50312735691334
28.503111353100728,64.05528077599129
136.89971154241434,-72.22749219344408
61.0794721863871,-76.2292417616255
20.180822798007995,52.760691462835744
143.4942522338918,69.49736130785188
114.47676318983932,-76.78324666358152
16.053656341782144,40.972839621890046
12.24215147197379,9.301723528533008
40.58177990353188,-71.35304542206364
152.71324018042725,63.009167964457546
145.3026675784648,-68.57406143759019
80.41508776960917,-77.84251267853136
18.239377086295967,48.30347905589086
31.535332666934856,66.60949230268143
158.14918025248028,56.061863551397934
130.03789766267872,-74.27941627005526
51.60051850831943,-74.66355741940917
21.507497786993905,55.509621241519255
147.76939619278264,67.12560446742847
102.32765667195234,-77.76805267635844
16.71697396792773,43.79532652611589
12.293831376084222,12.182471144999697
26.6415546414317,62.50173875136095
140.70758796778748,-70.93906306796941
67.72190049748686,-77.1007248598587
19.24493002573936,51.08855130372706
140.66734192466248,70.97890705469872
35.3253182449375,69.07554239556717
159.73159497245425,53.355305524647456
121.26209212134451,-76.03232431915158
44.063579563458575,-72.75191183306704
151.20656154036516,64.64422914590553
88.77654411625109,-78.11575465342237
17.48917506372157,46.606627843688074
29.282224692551946,65.10492047443596
157.2831639113898,57.765030753983744
134.83262464181064,-73.13965476496914
56.89154037713419,-75.79883102618133
20.428412281009994,53.855041750790456
145.57242903648302,68.68412353413575
110.29383365318635,-77.36132818690476
12.111761028433346,10.407749953997827
38.13251790595384,-70.59572414201398
24.98612202845558,60.91970363379363
154.0043650971839,62.08187679106015
144.01417413448823,-69.57422987596102
75.21806286634572,-77.77163780612496
18.39091936451611,49.40457864534672
32.55812039570041,67.63660377798763
159.02330028758018,55.07518045459937
127.27475064542503,-75.1030991956698
15.002788019386701,37.51800790482106
48.15502299333789,-74.07309660985702
21.83108499578998,56.59860537154588
149.4814321997656,66.2573035851513
97.34193948193098,-78.1232660071479
27.294404631673363,63.56360142085229
138.988521098482,-71.89391015351238
63.050445244431685,-76.78928322369029
19.44878834465699,52.18642233820014
143.02041127564303,70.20401138784078
117.62796429195502,-76.7239805454344
15.540261362687307,40.35662306887153
11.943369708882408,8.630856210827837
41.27416657982947,-72.04477339271955
152.63477394195937,63.73444092390431
83.43174084375487,-78.20754952665992
17.609522019661732,47.71005153171219
30.136487003621593,66.14909490916007
158.2310344081814,56.78764514156068
132.52482340114742,-74.02643733277657
52.96988529664741,-75.29559468822187
147.4945346511774,67.8435933781516
105.73051690668778,-77.8643546456277
11.985106172424329,11.514814807545209
35.87207605632643,-69.80425481322787
25.533008817259574,61.991413071748774
155.21117121507382,61.14014322538375
142.5865495560973,-70.56233435792727
70.1206907169113,-77.60005509453427
18.556732695887693,50.50539625413995
140.03789373195647,71.67564146125102
33.68598592737417,68.65533940338437
159.84874141824804,54.079734990782164
124.18868014631184,-75.8870011448288
44.967304263258946,-73.42774159146397
151.0704438580083,65.36805253518779
92.08665120182012,-78.38180817418245
16.892763585714412,46.00606100006717
28.00833860252088,64.62135820496314
137.0724634625069,-72.82983234995942
58.621869967199224,-76.39271262232067
19.670705577594827,53.283735197887715
145.1918186961417,69.39691252948137
113.6054967622991,-77.35516571355727
15.57961887372974,41.46486345528796
11.80972171880934,9.737596063496255
38.70273553590257,-71.29693323455355
23.96545866695778,60.393090385307815
153.9657977194575,62.80823517577701
145.70623320734921,-69.1611639175358
78.04800136914841,-78.1939389726744
17.74208618411617,48.813343074932384
31.075537076916035,67.18699926896552
159.12397626660191,55.80060249350965
129.94280123703325,-74.88329245654606
14.532627223948714,36.891468168938246
49.3241748987989,-74.7266296993146
149.273334226633,66.97868608750318
100.801062201496,-78.2825452539084
11.862075234864468,12.622871734755313
33.78611793002826,-68.98241568522563
26.12972656843755,63.06004541239058
140.99977285443956,-71.53637317666455
65.19922432330821,-77.33174327560883
18.737852014462113,51.60586013504864
142.50584535127948,70.90920797474502
120.74346449778999,-76.62403434287451
11.64755093506893,7.95831273513134
42.027828622633585,-72.73355524908166
22.564498764843854,58.772469614933954
152.54682195916135,64.45997162296959
86.63638894716993,-78.53701972748148
16.996138590748334,47.11143521757341
28.79083758437941,65.67442215038359
158.31191724052155,57.51392038348036
134.93060175876735,-73.74348755756439
54.467542569080784,-75.91809841933956
19.912150637050253,54.38039197137104
147.1958754362672,68.5611695419493
109.17809337052503,-77.91629620870782
11.679732419368364,10.84536802528916
36.33442510244474,-70.51299347902848
24.46386362310117,61.470482878362915
155.20778507725376,61.86717089869743
144.39273438564794,-70.16478563740708
72.7215630066699,-78.0751681439617
17.88768697767729,49.91644385327217
139.35293488046935,72.36990897664495
32.11066475589106,68.21768216989294
159.96618807400162,54.80466479549256
127.04950654214315,-75.70475384587645
14.537037776867862,38.00177689049744
45.95366157192031,-74.09889394367075
150.92094597350658,66.09197596969703
95.54374299958741,-78.60644133998724
16.311393639265464,45.400675059136354
26.782077697391074,64.12517053326265
139.230361577949,-72.4939315204566
60.514423201659056,-76.9725678955859
18.935438286800235,52.70589276741536
144.778405784512,70.10878681780034
116.90487874259227,-77.30593642707085
15.065913821443617,40.846060547897196
11.510767635019675,9.065742458544952
39.32308255152165,-71.99609746078033
153.92018995132756,63.53493367929906
147.33168185507097,-68.72997007106169
81.08510612633039,-78.5845681400868
17.11067408424701,48.21674947292819
29.650632958881232,66.72210464220139
159.22445736172415,56.52651493405034
132.52982410843867,-74.63082801796239
50.60344293412925,-75.37293436414356
149.04651159419154,67.69992801946196
104.34532646355945,-78.39709607025708
11.553284137857196,11.954125729519948
34.153715417943076,-69.69705531624044
25.007593454962883,62.54526346670332
142.93288052314426,-71.15623007619085
67.54263785238562,-77.85420786373453
18.04724117810032,51.019291360185164
141.94615140682313,71.61272990601216
33.25514551283951,69.24001196512344
123.8052595006426,-76.48427885066275
101.69580455490896,78.56739356864121
11.354564004783478,7.284156193012959
42.84989936563256,-73.41896858301989
152.44870368743372,65.18573172417955
90.02388997224291,-78.82772336853931
16.398634595075972,46.50785206533102
27.496804072349956,65.1862878566092
137.25081922886,-73.43208240787523
56.10872120725398,-76.52968901679465
19.150797031925126,53.80540984552611
146.8711353062432,69.27823770090725
112.64509612408283,-77.92326478135381
11.377570947060164,10.174197323812344
36.83727169225739,-71.2203809896078
23.43271355998282,60.939517269439136
155.1993961363729,62.5945928008592
146.1268167386416,-69.7476312304389
75.53754502450279,-78.52299888145353
17.237092389592384,49.321952266286694
30.59796014750028,67.76359273595742
160.08408177508397,55.53007606544072
129.83258731180803,-75.48694672633299
14.066896007575737,37.372901398780506
47.03268610199434,-74.7646945133382
150.75697430815566,66.81595764176728
99.12987800079753,-78.7871158490205
15.744526483594987,44.790672250038035
11.43026383768215,13.063824230314413
25.601856183407623,63.61706626426485
141.3047694833321,-72.13340674071596
62.58695409714566,-77.53638080860593
18.221776634135022,52.12181850131951
144.32876800246237,70.81959153192462
120.1697236080669,-77.2141031128865
11.214764673669915,8.392253230217742
39.99927104791408,-72.69291468951971
153.86709327310686,64.26195077094006
84.33255114303545,-78.94011388405094
16.496047857598295,47.61503143818336
28.28177448710652,66.24281118733924
159.32486144576336,57.2529003972372
135.02908830074222,-74.34726387264212
52.00640724646253,-76.01095154325574
148.79926015382597,68.42096371768153
107.9489464700566,-78.4655422856444
11.24783744371232,11.283630932286254
34.553606905592815,-70.41086947565738
23.92648765062084,62.019873345262305
156.39253324519387,61.64041059732734
144.7880493242945,-70.75480727479584
70.09790875056507,-78.35392764665245
17.376201379758562,50.42698908654206
141.33625919895292,72.31432350630895
31.644870610223553,68.79792049620637
126.79724342008872,-76.30590348211177
98.5435302676523,78.95427376661294
43.74862822279087,-74.10052247521739
152.33965447512116,65.91169146795556
93.58335346145003,-79.07651349585377
15.816433478896164,45.8995143111618
26.25270002748237,64.68546641674713
139.48253968213706,-73.09377606121936
57.91059281646991,-77.1287528453559
18.412448389753695,53.22395275793961
146.51770816878232,69.99469110123071
116.10544275368092,-77.88514488552293
14.586562416481723,41.33453219493053
11.078484470762294,9.501367829148956
37.38509298082215,-71.92620535633813
22.438145240692883,60.399055964550264
155.18573995459414,63.32239140062658
147.78997501768944,-69.31204679418589
78.57958923284438,-78.94017609651
16.604266261255486,48.7221678089968
29.14621591140933,67.29404964621789
160.2025801210384,56.255950153334524
132.52810288334618,-75.23512891287102
48.21597872479564,-75.42435358933683
150.57729284954627,67.53995238433636
102.82174661934391,-78.92163403288737
15.191638043586787,44.176246174222456
11.12144820591655,12.393998299921654
24.466037680887823,63.09771805405128
143.29517053450144,-71.74970258936963
64.85867575825968,-78.08181622135706
17.528906371086833,51.53180184277718
143.83897236656074,71.52915033020373
123.37919446480952,-77.08054194618711
104.28335322265464,78.8979139727107
10.921580369955608,7.71719118187154
40.73790946896507,-73.38703531695786
153.80600481386946,64.98926438120216
87.78846972238208,-79.25703840434059
15.897589296327677,47.00841209425632
26.967181693752668,65.74996746915022
159.42531521080463,57.97974178693177
137.43569834615525,-74.03423683735473
53.548640233906355,-76.63943663425214
18.620557732769267,54.32561521441533
148.52964081858698,69.14172052504334
111.583453151848,-78.48702036370825
10.945594447824947,10.611453542322128
34.989229154810886,-71.12371213105341
22.884875026233562,61.48446046911435
156.4134287256566,62.36860211645476
146.56615451826255,-70.33339616523803
72.88195003456028,-78.82779253790657
16.723997451772114,49.82921354801188
30.100999743451812,68.33918355977258
161.02941587874633,55.25056282699008
129.70561580574983,-76.09036684727522
13.597034262412691,37.85350816178558
95.16854837146727,79.30458443745263
44.73358920229814,-74.77764318984077
152.2188126020541,66.63781939755307
97.29745033916679,-79.2804215964839
15.248974639143068,45.28662491457186
25.056765575013717,64.17269258603226
141.62416534283867,-72.73013302031463
59.892393601666,-77.7133994651625
17.696224089429787,52.636328186050655
146.13260734599777,70.71040932680732
119.5334079360461,-77.80232378083713
10.78233750416598,8.826943327407834
37.98306218485891,-72.63022276895394
155.1665202654732,64.05054914147861
149.38379724020334,-68.85916255383805
81.85522994009892,-79.32305019683902
15.988544404837135,48.11732548394117
27.753574648804538,66.80998548082188
160.32185272501056,56.98226861449574
135.1284465128401,-74.95098525425415
49.516977840083364,-76.07694178328573
150.3804997571435,68.26391105463243
106.59119513862979,-79.00825655946676
10.81597005918816,11.722465335690718
32.79324503571754,-70.28972682668748
23.372957255949707,62.56776292091166
145.20193724747867,-71.34423619935292
67.34995906515812,-78.60617647846914
16.85603413744815,50.936118296158334
143.30447933259006,72.23726116019093
31.158997033802144,69.37723374038873
126.5146033686988,-76.90649989861072
41.54667543235526,-74.07805238092405
153.736359265517,65.71685176886497
91.44462616346523,-79.53178077083699
15.314697564792548,46.39710457662774
25.70496980219163,65.24437867789445
159.52595525931667,58.707022273186894
139.74647198293724,-73.6934253345184
55.247969690619584,-77.25692177310951
17.879299147663446,53.74050072562107
148.23543851878335,69.86211749443198
115.21896302759576,-78.46122920865673
14.101953316284273,41.82195487012076
10.646416412070677,9.93765836878281
35.464543761364105,-71.83541666723475
21.88121963937337,60.939578776710206
156.43075897641017,63.09718929702191
148.2686237539529,-69.8932433431935
75.91032245759281,-79.27231859932012
16.08991433599832,49.22621272764368
28.62162808342849,67.86482893717137
161.16531482188208,55.97623779989119
132.51911679019003,-75.83934089569703
45.81593198349307,-75.4496563712157
152.08520384802313,67.36408202594617
101.1421556153712,-79.43680027541397
10.689490871005745,12.834359535323712
23.90719540929298,63.64866181880586
143.6752738840138,-72.34270398642288
62.07546329817446,-78.28141277623007
17.0012661190553,52.042828432444786
145.71239519684082,71.42525565506138
122.90473430198527,-77.67566963562275
10.48899627129881,8.15098633099897
38.63718385635421,-73.33215105083812
155.14140442388492,64.77904838573278
85.36697040966003,-79.66775216592046
15.389281573240668,47.50764950642584
26.418030964695102,66.31228550652139
160.44208263610724,57.70901317346033
137.62816078132045,-74.63628888779782
50.95127189602536,-76.72135994528846
150.16499920965754,68.98777979794808
110.40626439978577,-79.04580484293744
10.513687161656925,11.049291203037937
33.16220361259038,-71.00730699065686
22.32093999332887,62.02780307387515
157.6073881958545,62.13062864531143
147.02618676133048,-70.91838332270831
70.0817618038139,-79.10635989446821
16.20238846923582,50.33503007390039
29.582890204058295,68.91367312746775
161.95993680258587,54.96233895689216
129.55994721489103,-76.69353776430061
97.71583632882509,79.69085284625
42.43452710237211,-74.76548921267386
153.65751930340954,66.44468936016773
95.28527005630332,-79.76089384327128
14.74678941412409,45.78131250117501
141.9597695702395,-73.32651668668991
57.124735372574044,-77.8616705253
17.160694453430978,53.14928643542073
147.91411233004735,70.58206381010648
118.82561264856275,-78.38844748537483
10.350166473997033,9.262308891887598
35.98413837733967,-72.54579172952104
156.44437239088762,63.826157026731224
149.8973270878336,-69.43554344569957
79.19578910091369,-79.68365595110043
15.47325765409386,48.618222942653055
27.204643211362587,67.3758330977226
161.3027957685141,56.702321081368034
135.22909573897715,-75.55465306570574
47.008683482359565,-76.11576478507199
151.93772300771056,68.09044344598901
105.0870913973677,-79.54347110067346
10.384023825482199,12.161798082961987
22.802162465086145,63.11403102405346
145.63644514334734,-71.93300615824431
64.48313259495703,-78.83019685190095
16.32674031848895,51.4437313376788
145.25309684544897,72.13907379360369
126.19758801382822,-77.50648497361585
10.198328616647267,7.473558135896415
39.354460515859884,-74.03166149250715
155.11001804706112,65.50787134321013
89.11050627629666,-79.97029184198107
14.805851736919497,46.89335382532109
25.13747753544783,65.80178725566252
160.56346795418625,58.43616569509645
140.02378681229126,-74.2928578083997
52.53695206956662,-77.35630199324524
17.33544821139466,54.25543014429494
149.92896735372366,69.71149914927724
114.23267987378651,-79.03373496492031
13.611826317814826,42.308243172898436
10.214459327340636,10.374540390147917
33.56551521300962,-71.72411591478318
157.65469162043655,62.85970743295305
148.7696420868242,-70.47346776371677
73.07468009460067,-79.57882698871394
15.567220504034209,49.728786732708095
142.0794769835449,73.64816937179528
28.075104343643037,68.43433119027667
132.50222278906875,-76.44346447083318
12.66302410342634,37.696322946831415
43.4119623742537,-75.44878393437688
153.5687641711286,67.17275256376638
99.286427569531,-79.94121003428326
14.193299263706669,45.16123041944409
10.257304177392578,13.27513657050801
144.0752950645161,-72.93517959425881
59.202004325317496,-78.45162407112367
16.46383963407305,52.55226740517822
147.56273452014122,71.30145684612852
122.37499073411091,-78.26951609281292
10.05670955480648,8.585467329837018
36.55335161155487,-73.254616046793
156.45409792647507,64.55549038053005
151.45447714007403,-68.96143427710759
82.74644100272039,-80.0576286783938
14.873354057378421,48.005469408914585
138.2620636127793,75.09479054496607
25.847784710687844,66.87312007352618
161.44209403010058,57.42879273957185
137.8294356522544,-75.23823034833096
48.32710821252014,-76.77502039663102
151.77511163721684,68.81686486206085
109.09656527426074,-79.59886115598441
13.629687771435993,43.422546332290445
10.081743656798162,11.487636992611655
31.359510719721975,-70.87159746293862
21.739837627958295,62.569419634683804
158.78086292143684,61.88104046158205
147.5090883007715,-71.50250783751387
67.1403617286204,-79.35671872465278
15.671837260863281,50.839300989610436
29.041681255376194,69.48695206245323
129.3932722477487,-77.2964409487412
40.14309890097302,-74.72836858460691
155.07193865877636,66.23699999612059
93.07299657983928,-80.22670074207647
14.237648201120027,46.27464262149596
160.6862236731409,59.163708152764755
142.31365348288466,-73.92251697691928
54.294996944112796,-77.98020907607001
16.614666691679133,53.660585642770194
149.67031084808065,70.43500294696733
118.03563573262618,-78.97217263040696
13.109907907849964,41.67790109131855
9.918148324987039,9.698276069893453
34.007149948142526,-72.44000819682846
157.7000402720019,63.58917025585178
150.43450367394294,-70.01075383708655
76.34750377081362,-80.0195835189928
14.949804429312406,49.11762580268028
26.63323588569253,67.94023105711086
162.26764081534967,56.41335135743409
135.3315250227028,-76.15826846204288
44.49133711122232,-76.12726987013816
153.4692760221512,67.90101554291772
103.41589819359892,-80.07002367641759
9.951891880952045,12.601556159491183
146.09388582899987,-72.5210419594421
11.49474589283177,32.41475136425757
61.50568573015003,-79.0243384497926
15.787857763946526,51.94972370605508
147.17791554982986,72.02017977742653
125.84140050285053,-78.10578821293267
9.765912265757635,7.907194695877594
37.178428122400334,-73.96163195165013
156.4597422864167,65.28517459726451
86.56345045487431,-80.38981899724972
14.289551391317461,47.38816678972483
24.54869517386044,66.35756133673588
161.58346461251108,58.15563281890186
140.31636600132754,-74.89204825518954
49.78913483920161,-77.42628923325638
151.59593111854466,69.54330401720604
113.13127672625872,-79.60210999142306
13.115914642531768,42.79330930969896
9.782508737224257,10.811940424364362
31.691777619847358,-71.59274669902238
158.85708794315946,62.61032885160692
149.295277539497,-71.05261701444265
70.07299563700326,-79.85745278195789
15.03577282003977,50.22978841044899
27.504702956496608,69.00243338451232
132.47665459995082,-77.0474996973778
96.75430443240002,80.42331467557318
41.012766477367926,-75.42181703253404
155.02668812268604,66.96641601100566
97.23170510747,-80.4332185241038
144.4976326149855,-73.5270667698595
56.249668273600896,-78.59121336185041
15.916126647577878,53.06001028830316
149.3866160848609,71.15821700036972
121.78164838043928,-78.86190396000673
9.62461778178715,9.020560160002338
34.491736670016365,-73.15481609576509
157.743415148108,64.31900332630768
152.02333408496978,-69.53144143281573
79.9151740183969,-80.42419312487213
14.349437707023542,48.501773391358654
140.6000958561864,75.04995075422723
25.254735390601475,67.43233768796055
162.42529540682517,57.13938368965949
138.0409572015791,-75.84005124292686
45.68725582440085,-76.8001506438789
153.35812346863628,68.62945095058544
107.63416266971615,-80.14527029483803
9.649658107356911,11.926417747793424
29.5841590905495,-70.71706114228365
148.01730488615013,-72.08567386691894
64.06444947561897,-79.57691351206952
15.13189973087291,51.341921179128384
28.475213762680042,70.05889872809382
129.20282061623257,-77.89905355596288
9.477642813556102,7.227550858774024
37.86671239216464,-74.66653719713581
156.4610865904352,66.01519504653112
90.63864397286,-80.67570676890693
13.721218704936682,46.76651973439122
23.304963112754926,65.82997647449166
161.72718458448702,58.88282128569819
142.6882002262758,-74.51808665564555
51.415853036060305,-78.06820709206352
16.05759766704734,54.17011302110186
151.39852983565603,70.26971450388515
117.15051914781402,-79.55313077699226
12.61432228044916,42.16041097082725
9.486179474557979,10.13477123680217
32.05640434820987,-72.3133267671073
158.93303113236416,63.3399881228701
150.99760157588102,-70.58467346035638
73.30646405395031,-80.32833508390274
14.417788474247162,49.61543222514888
26.03744165552407,68.50304394298942
135.43630917206175,-76.7618323475879
41.974911778020356,-76.11146519706796
154.97372359515168,67.69610062797375
101.55340912520874,-80.5865126580567
146.57688238418874,-73.10825794202614
11.031584390833817,32.88145147406653
58.42887451967933,-79.1870697781867
15.238906349171447,52.453986250766874
149.0750865835282,71.88105743753613
125.44023859467781,-78.70432352872609
9.333733086243523,8.341453388999845
35.02470207484228,-73.86834462651198
18.490443586900838,59.77880655427691
157.78479308872312,65.0491931417707
153.53895707044225,-69.03666327413211
83.78611022688109,-80.78783596238586
13.76544111336876,47.881444773352655
139.74279572900124,75.74643992846534
23.936963989401146,66.91155812613852
162.5858868759403,57.86573720639086
140.62639682936404,-75.49096699000398
47.01705018961556,-77.46646836500072
153.23424166022684,69.35802960993298
111.89625641010902,-80.1656781751782
12.613944734925392,43.2770629484158
9.350459794225085,11.249785164686813
29.846756357663732,-71.44180514332754
160.03759858649573,62.34943782816438
149.8480454526802,-71.63057525896812
66.90930125148996,-80.10591627735151
14.495144644388214,50.72911218331971
26.90828363371214,69.56899924168863
132.44149279930122,-77.65144609221474
9.191770904557725,6.546594596852362
38.62689235364265,-75.36897453224468
156.4578824076212,66.7455371987497
94.95226363705811,-80.91087002739334
13.167746125965111,46.14072339091907
161.87355578291823,59.610337972521265
144.9450323382021,-74.11829343518701
53.23207692212292,-78.69912374393884
15.35760654538169,53.56594354019521
151.1810029246955,70.99604491906324
121.11458388726616,-79.45261573265924
9.19261821164744,9.456191047842259
32.45728474073167,-73.03321553365417
159.00881527412602,64.07000419359808
152.6190301056164,-70.0999438139702
76.86373472210721,-80.76474097069382
13.817151389478152,48.99645931583193
142.92000041006082,74.97999608858018
24.63701975435267,67.989791876112
138.26441029159406,-76.44173944395435
43.04316589749986,-76.79666382845328
154.91242663048064,68.42603453772642
105.99495119445086,-80.68390946465011
9.21732427166334,12.365560402943098
161.06516322679352,61.34849562535635
148.55359622587022,-72.66777278237933
10.6306846451314,32.228501530937514
60.864421711510275,-79.7650745234087
14.582115227267712,51.842780988845064
128.98524148107697,-78.50134731275156
9.045361289853155,7.661015353131995
35.61244571970776,-74.58036533761612
17.619202082752654,59.196720954535834
157.82414621745102,65.7797264707873
87.95902141173255,-81.10543140185064
13.197158620914344,47.25684495437211
22.677240247021643,66.37874260252715
143.08616599372536,-75.11317073403826
10.916746176474831,35.1181085737374
167.37708957646348,-44.95242089833811
48.50136169104292,-78.12506278161294
153.0964080199794,70.08672011956607
116.15444884000584,-80.13086788623492
12.112821163105526,42.64160033231892
9.054155997061551,10.571720949475303
30.13582090715385,-72.1662626772292
160.14296336679877,63.07901144668682
151.58915401951833,-71.15716771568589
70.07260201749706,-80.60730499687091
13.876799974117649,50.111536312733044
25.41516322257593,69.06412230848547
135.54412939399276,-77.36534532732239
95.6274781101779,81.15110348898527
39.46930768312811,-76.06851832439362
16.572779851249113,57.4987797194589
156.44984701334656,67.47618659075438
99.47145624742414,-81.09124124071286
12.628544626336657,45.51096389914257
20.973861324906093,64.74175550904985
162.02290791998243,60.33816250731226
147.08842159845346,-73.69455611858318
10.564950584138327,33.347322731781084
55.266954901276065,-79.31703287687714
14.67938723884054,52.95640487436785
124.98702049957818,-79.30198495107926
166.09024279180514,-50.66908960360727
8.901689125142983,8.776260293851404
32.8989908661534,-73.75227155929566
17.88178653961333,60.302322752804926
159.08457557221195,64.8003632170317
154.16279840098568,-69.59961914134868
80.76235597044074,-81.16150540327025
13.233154314470607,48.373085445900365
142.17773122743313,75.68529446215824
23.300481145379415,67.46362146195197
140.95643715752658,-76.08957892080467
167.3644503082106,-46.06954756635869
44.23384687437704,-77.47662853842137
154.84209000039294,69.15619772946032
110.50514692419246,-80.72360482142005
12.105636068606646,43.75941107560789
8.918207262695008,11.688001418542102
28.033507056142394,-71.27183287257786
161.19596933157402,62.07741825335795
150.43076926115816,-72.20721184989887
63.59201253842616,-80.32197052849588
13.944894092068548,51.22664805466095
26.28348245926314,70.13387741206846
132.39562570455635,-78.25530250241684
8.759371007984335,6.9793045717647475
36.26256193385766,-75.29060835864962
157.86144126972235,66.51059034660565
92.41955877339107,-81.37183997503406
12.643957153257304,46.62816922155987
21.472878346446716,65.83468627094312
162.91724630422428,59.31931727924503
145.42065230691318,-74.70877627507991
50.164843007249985,-78.77451864439313
152.94321247358164,70.81548837868169
120.36135930093454,-80.04138218907947
8.760607784514752,9.892286412995261
30.454504244568884,-72.89034904034628
160.24988076273948,63.80891180697418
153.244075327633,-70.66678966773725
73.58625126190935,-81.07636594616318
13.27610146586719,49.48942108821359
23.992601669801495,68.54532158042383
138.5017884799177,-77.04328018092606
8.626705459123977,5.180974816451979
40.406342331020554,-76.76465722931154
15.793716724096782,56.90072355086368
156.43665769498418,68.2071287789754
104.15010487184026,-81.21339810423332
12.103045698945111,44.877418871143874
8.784635471043098,12.804991941702465
19.88168509090048,64.18251291047942
149.12108722119154,-73.24868100028723
10.164763253275849,32.692496607473494
57.55457461371221,-79.91948485006571
14.022005903229205,52.34176594455763
128.73644467225876,-79.10328704343353
8.613258123739621,8.095038294579943
33.38692448182019,-74.47032964076186
17.00646172433538,59.71588786390797
159.1604615761177,65.53105156772159
155.63230998573493,-69.08481445767127
85.01055047059573,-81.51301115196341
12.665115322067907,47.745515859738305
22.02484225662262,66.9254147361699
143.51075609155563,-75.7077048659696
10.440961011011128,35.58599398163517
167.89647229795614,-45.43649037758013
45.566593786156886,-78.15040392009055
14.908046663634595,55.1833731033394
154.76190163625606,69.88656931238428
115.02796397510882,-80.70481908358059
11.605133521188097,43.12137616719713
8.621973604952917,11.00905189041348
28.248897925645238,-71.99938382821522
161.329560422656,62.80664078595605
152.21198957070038,-71.72808551072312
9.85049023569405,30.915207468269926
66.65076736804104,-80.85384293021536
13.326415080807994,50.60582786168405
24.76409489619675,69.6233008464051
135.6558001419125,-77.96880763914865
8.475632320136912,6.29637854880944
36.98412339705834,-75.99875212678367
15.969744805274917,58.011785131552884
157.89663879423378,67.24177205611642
97.13746825593482,-81.58214923118625
12.105226231123034,45.995603664151886
20.3212186081319,65.28013140749475
163.08877558238717,60.04649752655723
147.6319185485233,-74.27982392356338
10.094665984106749,33.81228450180718
52.036985375103136,-79.4130977728865
14.108782142201802,53.45686021763847
124.47301676170349,-79.89864084833752
8.469678133116922,9.211541697333146
30.806510122405015,-73.61396681671792
17.255925921145806,60.82361142767243
160.3586320156279,64.53912329344743
154.81652026721397,-70.16069439322528
77.47871236639156,-81.50768322056466
12.692312876161202,48.86298262886391
144.58734290939142,75.59821319747812
22.63728478446059,68.01358023883459
141.30949784490576,-76.68784233931636
10.382655921355559,36.705797979343416
41.45292721451085,-77.45677152746815
15.041316057735305,56.29663879780629
156.41794485946738,68.93834929252965
108.9304919509334,-81.27485054813287
11.590700958907831,44.24025784414796
8.48564549889787,12.126516054647345
26.254700697911442,-71.083409732941
18.83529419465909,63.614035536571826
162.33203521219866,61.79465216576486
151.04662793496877,-72.78237892660042
9.771912068128255,32.035227754621516
57.916268264682124,80.27248611777308
60.13445557887319,-80.50347968198051
13.38456348418216,51.72228133164541
132.33769754420544,-78.85906693822236
8.32719274558328,7.412583309092955
33.927510225906694,-75.18719509191416
16.163535805490614,59.12248426082509
159.23663947052785,66.26205581958
89.60259885804126,-81.81337198674612
12.112377426521796,47.11394586456628
20.807132973605025,66.37599376232265
163.9416466262467,59.01889352231235
145.92814274288233,-75.29841851585492
10.02674108063447,34.932393429227126
168.41498299884236,-44.7997696442155
47.06516217707753,-78.8168164494669
154.67092495246084,70.61712729065448
119.50653990984156,-80.62786664878027
8.328483103897243,10.328772817036372
28.487422546949333,-72.72681256944622
161.4663104419477,63.53614486691935
153.90125784446062,-71.23180942343313
70.08192375328596,-81.35601306857359
12.725881386527293,49.98054842676138
23.319252887809405,69.09874933773021
138.75546896523588,-77.64465539864268
8.19401666929694,5.612293824510743
37.788046541689006,-76.70440999931688
15.188687877223451,57.409701130863276
157.92969218892708,67.97325913331598
102.06515364674325,-81.7320283074271
11.580377532379945,45.35932567141105
19.219651345470268,64.71576991158545
163.26477229046031,60.773906135736546
149.72332919300965,-73.82825737059221
9.695285758031979,33.15558472076387
54.15305983859325,-80.03865146718199
13.451076081891014,52.83875644788777
128.4513869284886,-79.70482867827423
8.181231821763447,8.529545841322442
31.19621921615387,-74.33700290605884
16.376881602806186,60.23275310104429
160.46952987821695,65.26963028695353
156.31035611674267,-69.64005019797345
81.77060741214132,-81.89517195357618
12.124725554630677,48.23242628800621
21.34589047317728,67.46981324600377
143.96572013229778,-76.30161334073995
9.960945726986358,36.05280077798253
168.423198756674,-45.918923659775885
42.62718735940577,-78.14410321951567
156.39328364815856,69.66983357759153
113.74690692925314,-81.27427430440763
11.090981686083492,43.59964271315888
8.189527630389168,11.446690820226541
26.39869220026042,-71.81330244964862
17.832417780982,63.036910123109266
162.49264417107523,62.52327481233699
152.8692748849557,-72.29725670425073
9.386117195646971,31.375616302489725
63.051726987051055,-81.0653393066103
12.766195448586641,51.098192106292814
24.08169756774722,70.18039627410904
135.77230445628948,-78.57221906405142
8.04336205516694,6.728952590216147
34.52844428229053,-75.90263632675696
15.351469675788724,58.52251174570909
159.31329479578315,66.99336272934082
94.51419704653672,-82.05673129033937
11.574308096819692,46.47856137868273
19.644428738762254,65.81612335994878
148.21129505963063,-74.86393145432494
9.620549250727853,34.276254670593055
168.92052963535528,-44.15955082856152
48.758415259639825,-79.474412284383
13.526552570123409,53.95522731844685
123.8873489358401,-80.49412601015322
8.037597548408717,9.647224043647258
28.751924041007232,-73.45405614534468
16.611853924352868,61.34251522286808
161.6066340452045,64.26591186003665
155.50283602413137,-70.71970316874449
73.92624023005544,-81.82294877144275
12.142526806059328,49.35102607536187
21.945237508799195,68.56124662877669
141.6891479800732,-77.28570737752668
7.9143967607171835,4.927106030931553
38.68756631503184,-77.40711261241017
14.434940158612086,56.80167905025625
157.96054654428693,68.70503934494633
107.1385760725533,-81.81810949482873
11.068844384802432,44.71950441519832
8.05266843155737,12.56525595509922
24.51261816964112,-70.87714647367311
18.16563504080387,64.14224599585842
151.6992120247246,-73.35590854539154
9.303283279745425,32.49649839983656
58.68492111785124,80.86295895950636
56.555118253937934,-80.6485082085726
12.81367881198375,52.21589234201143
132.26603887581226,-79.46273634137087
7.895135325581123,7.846356836153279
31.62884881289926,-75.05932471299523
15.531164153283052,59.63501718247315
160.58292349052235,66.00041711648184
86.46884931540296,-82.23221465049798
11.572657906020536,47.597947260331516
20.11513235194923,66.91487025060957
146.47174485004996,-75.88710715458187
9.547641495088337,35.397214832154475
168.94088392703685,-45.27950132726119
43.951278247993294,-78.82571617763624
156.3621836766597,70.40156692389685
118.53076410802448,-81.21164322515311
7.896140419586087,10.765576916329614
26.559557790604767,-72.54325374735014
16.870859653615124,62.451683741256446
162.65791201168147,63.25212014257902
154.59368137604883,-71.79481306906156
66.35663663094299,-81.60056214292013
12.166071297443137,50.46972661541361
22.614531513590855,69.64987919630485
139.02831033685746,-78.24584292568488
7.761636539865284,6.044202445064485
35.19901758413343,-76.61637515271899
14.568784563940694,57.91634531705139
159.3906357052118,67.7249592180709
99.69899261173757,-82.23767559594208
11.050298690428413,45.839539459019406
18.533875090401043,65.24651411305706
164.3326666019385,60.47175087806352
150.3643733774542,-74.4063400048255
9.222075495132795,33.61768382887861
50.68154199229947,-80.12137476526037
12.868811633512106,53.33362746109539
128.1237796584124,-80.30591652540583
7.749180601216242,8.964464320813722
29.045766543867124,-74.18104228882773
15.729505661452915,60.747157771005035
161.75099261427997,64.99592276247384
157.02112364469846,-70.19299127385838
78.21954332036326,-82.24822259874489
11.575615146356325,48.71746612238613
20.638347013453725,68.01174166041233
144.45547218047756,-76.89480653573135
9.476502264088579,36.51844333672094
168.9575935129163,-46.39961674705313
39.698858196843595,-78.10628436793418
13.707215455581688,56.188046830011956
157.9891372302081,69.43710068286285
112.28102053750091,-81.83833093981632
10.570081203282236,44.076301302738194
7.756713006985021,11.884564525981988
24.587810421607468,-71.60866665442354
17.156709751310853,63.560158977806644
153.56456459251177,-72.86448908781988
59.292916321640874,-81.23933153040971
12.195687781352202,51.58850944238351
23.365170405389918,70.73520490029428
135.8948410932439,-79.17557880858593
7.611256709612156,7.162031684444044
32.11065936625494,-75.78077519800725
14.717136609859438,59.03080801487046
160.69920418124528,66.7314679959711
91.55981950639024,-82.51194224500914
11.035454758440956,46.95973116753052
18.941793215026056,66.34953892716614
148.83107554051762,-75.44672807453811
9.142416133528364,34.73914955270227
169.44545348182484,-44.636654276552655
45.452468672350946,-79.50044253688849
123.21629601411072,-81.08823063580138
7.605344480886979,10.083233883347235
26.73930659111521,-73.2732258791108
15.94850523319351,61.85886625301364
162.82837410438756,63.981165423097934
156.22474940187809,-71.2764381842889
70.10281912050893,-82.103671413302
11.583393906343765,49.837101231670445
21.222008091142666,69.10641405706573
142.0996506458079,-77.88311400432377
7.481888005841653,5.358388286795054
35.950540158663365,-77.3280739028681
13.814062813652306,57.304336734117534
159.4688968940524,68.45683234325229
105.08783879033827,-82.351726079235
10.539763823050464,45.197048798477965
7.619169542569854,13.004147959134253
17.47270584827581,64.66782553615334
164.53700153239222,61.198391503287624
152.39259006506373,-73.92760923984329
8.831019485242104,32.956783268623646
52.877514377175544,-80.75541477908587
12.231749215358866,52.707356131972645
132.17857165075705,-80.06630627497681
9.718283590450786,40.53699386659402
7.463097689373372,8.280551368842033
29.372958878009214,-74.90768712345536
14.881430477216012,60.145020975166986
161.89990135640411,65.72615809881155
158.4605593676326,-69.65280600146549
82.9859461766029,-82.62456735149351
11.024439515284646,48.0800635130011
19.39494297726365,67.45111223004436
147.05641390400365,-76.47470949414273
9.06422700173931,35.86087342261354
169.47425899585605,-45.75748288718712
40.84185986831402,-78.80121174049658
13.004281769613844,55.56911277171418
158.01538816760288,70.16943135614088
117.40945826223705,-81.79216629979135
7.463475610569311,11.202625406606339
24.673905829141706,-72.34036208799706
16.19050655006692,62.97006608589446
163.82459413592807,62.9572508518976
155.3248086913253,-72.35558706535608
62.42446519779809,-81.80694454298434
11.596237663587212,50.95683624547683
21.875757938127453,70.19849433428836
139.32378168977044,-78.84681536996092
7.329465522127201,6.476626452898496
32.649224517218926,-76.50116636991437
13.933230980357628,58.42050406681319
160.81881239340416,67.46276695847347
97.002949341057,-82.72768585575064
10.512486655766601,46.317954608004435
17.82274996132751,65.77454857664797
151.04885948274358,-74.98274241994017
8.74495308250144,34.07871036883411
169.937450903444,-43.9905398843241
47.16454057552171,-80.16680994228494
12.274679367863122,53.82624816671147
127.74568257155643,-80.90647947190102
7.317002375451838,9.399720183283646
26.940315501996157,-74.00317642960567
15.063326041766352,61.25893271769871
163.00462581515242,64.71038707186514
157.76749053996537,-70.74341576994424
74.34349039669723,-82.56808399752803
11.017398732244992,49.20052107315395
19.899999418182794,68.55098471925447
144.98524370704666,-77.48717765906262
8.987429092798912,36.98283416900881
7.203989473533786,4.67156468512321
36.79690428193202,-78.03731817475617
13.085947893778274,56.68681601036492
159.54834435137445,69.18896927555998
110.59206680419926,-82.39582776376054
10.04214069245554,44.55125020656158
7.323424251951747,12.322599769526631
22.81841144149366,-71.38615213240749
16.45825603965926,64.08066930461196
164.74800930412596,61.9251335341804
154.30185963927997,-73.42956479520606
55.39874400113576,-81.37362540664178
11.614423401703785,52.07665514560327
136.0248883537559,-79.77888533820497
9.273101792569905,39.883533546768746
7.179215894463249,7.595541933158732
29.73831497891044,-75.63389219170165
14.065887715151659,59.53651339206062
162.05393771894452,66.4565978020232
88.2287538289319,-82.94409378795132
10.488321525186084,47.439003431018534
18.21148481373811,66.88016905709593
149.49650468267654,-76.02803820857933
8.660079419011929,35.20088380310658
169.97766016545103,-45.11199943532832
42.14136479895558,-79.49100002319477
158.03920970794104,70.90201977590446
122.44231843298635,-81.68068472436907
7.172815696367863,10.519497826580427
24.77212203478087,-73.07221152445986
15.264753728597997,62.372485231924614
164.0237564524838,63.68531670444122
156.98559157681274,-71.83066766814753
66.01564941873762,-82.34612305700114
11.014499463474603,50.32108899642912
142.5461399384129,-78.47998941322024
7.049632687831566,5.790196331936996
33.25378818541893,-77.22027063959636
13.177948442399208,57.804459642660234
160.94224600454163,68.19429777834755
102.7269588312784,-82.87358262319856
10.003149094600412,45.67278567843937
16.754991432648364,65.19057383469627
165.6059619330155,60.88564049179531
153.1313875000948,-74.49726186705699
8.354945957778256,33.41599893267513
170.41739884470303,-43.34130835390122
49.12958520378304,-80.82294202337033
11.638266483823148,53.1965421488159
132.07267753602707,-80.66977048808106
9.208444052073023,41.005634395130826
7.030978497807187,8.715093257168496
27.165416511389086,-74.733057140683
14.213382191901013,60.65232573229529
163.18733145501722,65.43976048694809
159.2269174923013,-70.19692710337766
79.12454481288113,-82.98605108040776
10.467352914119378,48.56018067887509
18.644475064288425,67.98449755455343
147.68797370141155,-77.06106876104808
8.576301854301457,36.323281899791326
170.01542852440483,-46.23360709291244
37.75534018814333,-78.7435933498688
12.383143799328034,56.064092837188845
159.6292811583296,69.92135726710812
116.11103697266492,-82.36872693034908
7.030384168498968,11.639844975831824
22.832941015326426,-72.11885931362539
15.48797052013405,63.485612458607356
164.96635830788935,62.65194521991578
156.0985116846104,-72.91389072286675
58.30877665513641,-81.97229105844391
11.015932915560834,51.44175294946419
139.64613543406097,-79.44753864218227
8.837684657033913,39.22738549246777
6.897403842797235,6.909491838216652
30.147664351628407,-76.35954054681983
13.281215254400701,58.92201661361278
162.21375142346994,67.18722106476591
93.92017915999458,-83.19873537945234
9.966610432560053,46.794461882777135
17.084554645162388,66.29966004961892
151.78212286535518,-75.55724880954419
8.263736373707959,34.538579163333075
170.4683571677251,-44.46332306047858
43.62848684894629,-80.17451354456739
127.3069279421106,-81.50642558160227
9.145259042945504,42.1279073605589
6.884594739231201,9.835239950331154
24.883898833490683,-73.80419206116608
14.377280388232709,61.76789771643755
164.2303297454852,64.41347723977326
158.5526299064004,-71.29107676296908
70.13792891094873,-82.8503722952691
10.449679499117622,49.68147244147571
19.12844390761253,69.08730618662618
145.56128012431907,-78.07859854623716
6.7716304006874655,5.102795686590575
33.935742636822006,-77.93780916531402
12.449858770384465,57.183006504708196
161.07007038684765,68.92604387148185
108.63130484770342,-82.94525163460497
9.506861722513475,45.02438447534434
6.889555448841506,12.760723239914293
21.092218018148955,-71.14645418282441
15.73563047822883,64.59823838869264
165.84036290927165,61.61113374773884
155.08567561593114,-73.99223602075136
51.400267436360814,-81.46642147621611
11.021917844818196,52.56249907199533
136.16429186834486,-80.38213615438876
8.764572638034396,40.34993777148844
6.747138962782285,8.029409588363738
27.418010065467968,-75.46281239510567
13.396823276672908,60.03945767512162
163.37723486357905,66.16925984501958
84.47370344178145,-83.34875387852396
9.93255429640612,47.91626464798687
17.451537105238625,67.407786347203
150.21369286566326,-76.60765608572652
170.51745763929438,-45.5854794652872
38.84744193095338,-79.44625220941579
11.704413977150748,55.436457941986944
121.5426587201619,-82.2711354994076
6.739907601025354,10.955942488021336
22.853223325770653,-72.85178641332544
14.5594091363522,62.88318053748573
165.19278789454367,63.37879305110926
157.78906332758996,-72.38213179187883
61.68360987664287,-82.54664222525234
10.435415960957695,50.80286546428865
143.03485456804773,-79.07624456026788
6.617531595710613,6.222456047519157
30.608131556592443,-77.08449154021446
12.525829006925086,58.30188712546022
162.38007648097502,67.91800617090146
99.99267215588041,-83.38094810154668
9.458682229169632,46.14660624262004
16.010874324876482,65.7102746356771
166.65272459672084,60.5636281423147
153.92088071225095,-75.06461458644378
7.874885391867776,33.87406039836654
170.9468879544607,-43.811603169431216
45.342629435065895,-80.85029201161453
11.03270458905587,53.68331391182745
131.9450117129271,-81.27312030271314
6.598676117700427,9.149908939149519
25.01095062511689,-74.53627869951134
13.526017944756715,61.15675082422264
164.44511068240396,65.14170162720715
160.03159097171343,-70.73804639761372
74.86259633033637,-83.31172850681453
9.901018293532736,49.038180546366355
17.861468818482066,68.51478336770404
148.37331182565254,-77.64599852077005
6.4953320165173665,4.4144781062146725
34.709277016364396,-78.65343590582717
114.59434902060492,-82.94038943018393
6.59676118146838,12.077162252052146
21.038629126908507,-71.87949005390216
14.761911386625396,63.99811863340273
166.0832906364666,62.33660522474376
156.91912915450942,-73.46945192267533
54.04257697775866,-82.09410134386603
10.424695122660031,51.92434711458586
140.0006420793639,-80.04796993961266
6.465351492470198,7.342724756883301
27.70221399018409,-76.19237722373792
12.611888006221134,59.420712851688855
163.5751719896138,66.89885785580086
90.38591015213636,-83.64666494614308
9.412330398909466,47.26894825106553
16.317444350512762,66.82161733577568
152.57032474669438,-76.12960822230961
171.0066543229471,-44.934235033832664
40.10057612287837,-80.14446956922028
11.048579881519021,54.80418436453872
126.79428745851094,-82.10563426158166
6.451854954404589,10.270950168526088
22.87982759622502,-73.58492061912142
13.670249139598324,62.27386059566319
165.42811829578633,64.10564147024223
159.3800448759022,-71.83569887149089
65.61173064250809,-83.09055383845643
9.872048957787765,50.16019688182793
146.19109588588466,-78.66891416542776
6.339470539684122,5.534488714035203
31.128512401829894,-77.80857378804237
162.55374566692245,68.64893029371123
106.33613657225273,-83.48460437060216
8.963938702065526,45.4955957682603
6.455000230661111,13.198861497431771
19.410536430759162,-70.89028024473117
14.987316160329947,65.11264803509664
166.9093332096424,61.287687547477404
155.92112287034607,-74.55221989874387
171.41376907969843,-43.15698232767517
47.33413186161163,-81.51643201276211
10.417670485925704,53.04590534457374
136.3153875957525,-80.98532747766909
8.25011721615241,40.81471636298073
6.314924997236195,8.463561006601314
25.155334458764994,-75.26844376458989
12.709000000780891,60.53946029788348
164.66899005426512,65.86995706916593
80.24961983945244,-83.720671896371
9.367789399277317,48.39139716713626
16.659833334765533,67.93214311230174
150.98979679198493,-77.1853391420126
35.59226974997901,-79.36671546892252
120.48729369018166,-82.85911401902455
6.306516226388,11.392494440090578
20.98486621077729,-72.61275077529885
13.831213645712456,63.390747195953125
166.33556843205548,63.06201504896258
158.6392829261606,-72.93053849460273
57.138922162550415,-82.70184619780535
9.845702823458344,51.28230166359678
143.57345009499022,-79.67176951991073
6.185485303429875,6.65509349229347
28.023061608584467,-76.9216746450261
11.856902867732165,58.79644951901098
163.78208590957624,67.62852547911912
96.80758425424011,-83.87027694250531
8.90603734852054,46.61839799902817
15.23862791693294,66.226694243416
154.7671093342514,-75.6293767473387
41.54983816537882,-80.83717768513513
10.41451925481627,54.16752865895869
131.79123396704324,-81.87634372082533
6.166088608464192,9.584924890577067
22.913431584896063,-74.31824892546501
12.81828545854592,61.658104086388114
165.67326223964983,64.83245252612097
160.87787080391467,-71.27587631884272
70.19112945282602,-83.59620564194358
9.32504519802147,49.51394041152206
149.12062847458765,-78.22927549869267
6.063093276510764,4.845643234411783
31.71978772549592,-78.53157552168565
162.73570806940984,69.37996924540397
112.80500809070806,-83.50589729274293
8.481806476567266,44.84158209456329
6.1625013184654085,12.514503756167075
19.29245036157909,-71.62301313037487
14.010908677408018,64.50736540084151
167.1755536978484,62.01162550934186
157.79153343070197,-74.02196205309833
171.86949650174165,-42.49959666535054
49.66779618085478,-82.17041737493963
9.82204770371344,52.40448359198058
140.3939143917077,-80.64805496482376
6.033208214058162,7.776251480731463
25.319539378268296,-76.00065615363879
11.924360963003725,59.91641268505619
164.90296736585805,66.59820845182004
86.32945749843513,-84.06629864237098
8.84929818071844,47.74129668186926
15.519441910328071,67.34016950489564
153.42061106762742,-76.69952733849904
36.60753521035826,-80.07709178514783
10.415445951079112,55.28920606567794
126.19023778399982,-82.70394461067986
6.0186799357589855,10.706777354669988
20.93070629367702,-73.34622529456502
12.941052851484177,62.77661630009184
166.59810828793977,63.787320615173
160.2536075932162,-72.37697427197871
60.791015777167814,-83.28418320375243
9.284086745522552,50.63656615067811
146.88380909325124,-79.25793536923902
5.907410994195759,5.966569732800968
28.386769050513323,-77.65061208009126
163.9990448628532,68.35823158120292
103.6257434146057,-84.01121137203133
8.413058791063422,45.96477218406857
6.019651763939609,13.636940925826254
17.774282280379307,-70.61834305872712
14.211699993472568,65.62366317008228
167.95512744624446,60.95516535950746
156.81400050942835,-75.10919234465524
171.9487415961907,-43.62298283137259
43.240796079003225,-81.52297271970174
9.801164211095312,53.52673202976302
136.48117766246463,-81.58845379386314
5.882472797621337,8.897922594857699
22.954848162941275,-75.05175803645345
12.001429322771244,61.03632958171687
165.92923859690043,65.55918547757113
162.28874810720666,-70.70383052013104
75.52033882574803,-84.05376971326825
8.793653453477821,48.86427899074436
15.834094727620004,68.45296924103044
151.83324522872604,-77.76079965907033
32.395836359405855,-79.25323111654556
10.420686765615292,56.41092703416055
119.2358703408581,-83.44398452799781
8.011736050304618,44.18470969214333
5.872537214737623,11.829080161963743
19.168736335855975,-72.35592148822303
13.078838547473815,63.89496578470061
167.4522819958711,62.73539532900772
159.54084039905496,-73.47555860561106
172.3145463862286,-41.83957625361286
52.427479725251466,-82.80887448562885
9.244906196018313,51.75926327491749
144.17142214974095,-80.2664271668946
5.753394159279498,7.08803485732757
25.50660524380252,-76.73288033783518
11.170333706947464,59.28796753872321
165.1481682044547,67.32641792275022
93.07866343848752,-84.33694855862656
8.344880573652102,47.08804459238692
14.436409427175974,66.73957986105981
155.67701064487295,-76.19121141877066
37.78459347089659,-80.78384297218157
9.783147579500104,54.649036985240635
131.60561070518403,-82.47942410846554
5.733113709012849,10.020067574778734
20.875887044369854,-74.07990268545835
12.089079443163476,62.156180953848306
166.87192333835935,64.51247615846003
161.7693711409161,-71.81009712109993
65.12110513143007,-83.83385011098892
8.739032377970087,49.98733283675901
149.93975620876597,-78.81063024838292
5.631000432844787,5.277206675615006
28.801101471817002,-78.3790764270578
10.43051481623719,57.53268143364434
164.22726402476866,69.08794252614395
110.67007112938279,-84.06353078814924
7.932804794168137,45.308221384144026
5.727498814288047,12.951795846274246
17.595430195893616,-71.35019357870668
13.233457362791027,65.01311728372598
168.2433785578001,61.67739246288084
158.72120709444079,-74.57107000709144
172.40267191105633,-42.96325173430293
45.233367247506145,-82.19997692121382
9.207499180776471,52.88202138934262
140.83436318907508,-81.24772400323631
5.600873491362466,8.209998352086902
23.00506011937597,-75.78543423245445
11.21770565210842,60.408925327142754
166.19718849099533,66.28579632105578
81.67945830586419,-84.45127809031814
8.277156554191018,48.21138594482277
154.3413069373986,-77.26666147053615
33.17444199160779,-79.973201948572
9.768109849918421,55.77138908036872
125.47108185028733,-83.30113761005961
5.584966237487641,11.142647949340507
19.038465042310776,-73.08898890220058
12.188449591460792,63.27594587966442
167.7405088881672,63.458946866589464
161.17760260191295,-72.91455807986442
172.74937590322318,-41.17704545980288
55.72176058861058,-83.42721888914905
8.68536046614289,51.11044684544829
147.65058546020697,-79.84542919718972
5.475352663505709,6.398964851826483
25.720282996322258,-77.46507501011749
165.40586501069092,68.05454439488729
100.39569525043424,-84.52144603953268
7.853901834660145,46.43179808270497
16.184010782077017,-70.33135452555747
13.407067227990067,66.13103032154478
168.9780088030018,60.61392927073993
157.77090664629822,-75.66278064012982
39.162224930281745,-81.48601493247426
9.171865138365858,54.00483079129348
136.6655875379759,-82.19150719271563
5.449680868759723,9.332420764805388
20.820097164611397,-74.81377212918876
11.273075808706583,61.52986193264556
167.15814246612018,65.23743224534171
163.19354461748296,-71.23111497796567
70.2683424816605,-84.34125858589373
8.209763268479804,49.33478355488069
152.75402273118587,-78.33369409002343
29.27588340050688,-79.10692718584232
9.756182512451995,56.89377952989804
117.73300936069363,-84.02486546656303
7.464710753686161,44.64888894564344
5.437865805125927,12.265625988492838
17.405986486339494,-72.08212272180755
12.300880953520776,64.39560125270528
168.54318738854397,62.39933756892486
160.4988588115896,-74.01682012312682
172.84585105009688,-42.300957988728314
47.607306004375786,-82.86563206554501
8.632558769824076,52.233610346710584
144.84068899621383,-80.8600444290505
5.321158275270719,7.521206416620933
23.065266354164162,-76.51926320415284
10.465249547726275,59.77625163533204
166.47839439657835,67.01223723629897
28.15564664554017,78.86328672227998
88.69793485095315,-84.7749486909601
7.774869957511427,47.55542560610088
156.6585805824318,-76.74972622093068
34.07874257896252,-80.69104860640715
9.138007720105277,55.12768245976211
131.38040952440204,-83.0823381881737
5.299648825142778,10.455263396521886
18.900540331865958,-73.82219809479845
11.337239617648198,62.65076352761266
168.04133305485874,64.18222602289839
162.71006336282278,-72.34035258122358
59.69007368179085,-84.01915015096314
8.142567681432658,50.45822540922961
150.84257429947877,-79.38973491395008
5.198954881930419,5.7090944574823475
25.965254265425582,-78.19719124222384
165.67750205739858,68.78254295029379
173.6483327146752,-35.80257032641997
108.09029321487564,-84.61088707492252
7.375755294220423,45.77270654332013
5.2916474554568085,13.38896467021682
15.948175937140018,-71.0617955240854
169.28705705910593,61.334283457953134
159.7143311183177,-75.11637503637226
40.79222096997709,-82.18232147538406
8.58054298617367,53.35681335097919
141.33285130872287,-81.8468862825632
5.168246537705917,8.643891729966985
20.76296383450916,-75.54782288474095
10.490952213350319,60.898048565998224
167.4580274752304,65.96213518366784
164.5327423932967,-70.64111692023644
76.37424710317497,-84.7939775787767
7.695539379073066,48.67909039788693
155.3421554199497,-77.83060326639139
29.823723418492808,-79.83398665704361
9.105935282929286,56.25056803620711
124.60400099268605,-83.8969080279747
7.008236309541133,43.986911430063685
5.15061004013399,11.57848826620454
17.20440491234513,-72.81410281638622
11.411132467943997,63.77161540498728
168.85561128686956,63.12094265716056
162.15677482380735,-73.44806300829809
173.27874704418326,-41.6362248446262
50.46990084121943,-83.51638519433828
8.075425575678317,51.581700137922276
148.50523452853756,-80.43110573554844
5.043196232757522,6.83160027866783
23.136944037783554,-77.253229831204
9.742302147579663,59.138643105693916
166.77430289738913,67.73845591747741
96.51205539914933,-85.01033671286311
7.286140323629008,46.89655390148739
169.97828985567247,60.2643324501616
158.79936755754687,-76.21255446068955
35.139361119999435,-81.40618960727753
136.87385216180968,-82.79447636678555
5.016447408655006,9.766981882027045
18.753659524715182,-74.55553067508716
10.522855699558866,62.0198409921048
168.35597629585817,64.90517413404274
164.1460563871291,-71.75419119009614
64.50706404443834,-84.57595381169901
7.615725776759428,49.80277949384632
153.76402820268888,-78.90360932329523
26.247437550088907,-78.92916991477058
165.96472566455873,69.51036411190695
174.0285401156949,-35.130790635003294
115.90092103673611,-84.60050236236594
6.909861124335073,45.1109120705157
5.002396820212348,12.702058063192734
15.697281075653665,-71.79217760457148
11.495860668853426,64.89240164225573
169.60860955166174,62.05423566215723
161.519063117534,-74.5539015054038
42.74498047403278,-82.87099042782334
8.008179660428072,52.70519699596574
145.59640694047383,-81.4523999791816
4.8886775166433445,7.954534477743405
20.70403613387045,-76.28204426149004
9.740741903666656,60.261101319090734
167.77299337162452,66.68652632515898
83.54832366872463,-85.1765239491366
7.1956554502710155,48.020416366481214
157.7210667263622,-77.30446200780386
30.46106509143532,-80.56002568242113
8.478498654366971,55.60330123101699
131.10494830290338,-83.68505288325734
6.562864279104121,43.322419033571954
4.865591017270443,10.89043864751546
16.98886621353788,-73.54610333299101
10.561548906233014,63.14161958682676
169.1818205135663,63.84214494350848
163.70431292280844,-72.86624508315695
53.96642777605094,-84.14720555813399
7.535227989295942,50.926480485795686
151.84355039072057,-79.96618698850621
4.766857827521262,6.141232722740747
23.22193355248527,-77.98731787491238
167.0865519311756,68.46439478057306
22.89273742949161,77.84844667185219
104.92896033490665,-85.14453456031057
6.810344106754234,46.23491889570308
14.350916908296321,-70.75857594969061
170.3069344475725,60.9826662286047
160.7778856859118,-75.65741824558144
36.397610958778984,-82.11783847964129
141.90365346486684,-82.4454216746228
4.735226284971946,9.07785794461269
18.596261856032086,-75.28896681306006
9.743088367290671,61.383567982016466
168.6858013678527,65.62772725397666
165.49295119708538,-71.15719338029653
173.99684542130277,-39.17555591623533
70.37907934405528,-85.08561445270844
7.104071569464828,49.14427977334886
156.4346114424737,-78.3908684463813
26.574423445210748,-79.66093805517903
8.428264206292585,56.726569384884435
123.54226478654049,-84.49081843506879
6.45566512620161,44.446549926742335
4.715507138218351,12.014224441232145
15.42925261750397,-72.5224571613889
10.60772736842044,64.26337481053238
169.9437787661837,62.77371976743992
163.1963821997025,-73.97705317554752
173.81482255266516,-42.093417817334604
45.11797384183257,-83.54952047579755
7.453825319293105,52.0501814898921
149.46502078069847,-81.01460003417219
4.610842163230187,7.264402270388079
20.642762824118655,-77.01642557953691
9.020595673789723,59.61935418738027
168.10463242528033,67.4105412296852
91.80697635934789,-85.47102340781755
6.7094393858437815,47.35891597018043
159.9079885562669,-76.75801499754942
31.209747279445757,-81.28474236920906
137.11311315409642,-83.39734506958254
4.582670297177839,10.201532220206373
16.757214706888227,-74.27809017466679
9.749635646285357,62.50603672714904
169.52311379287093,64.56287617482262
165.15027981686723,-72.27265547061629
58.293159564260996,-84.75084246990872
7.0111380120598845,50.268130405437255
154.8775303560343,-79.47004484144837
23.32255662088737,-78.72150956258653
167.4170035853286,69.18999000821097
113.62749116080722,-85.16905612838892
6.346886172657864,45.570661299657736
4.566024653788362,13.138302282743242
14.0428451920122,-71.48690098054753
170.64893123533582,61.70047305460158
37.910439041056435,-82.82490505158135
7.371274349285418,53.17387109805277
146.4581329655199,-82.04320655577277
4.455851491655064,8.387945336655315
18.426460702137355,-76.02248480616063
8.995865092905484,60.74230443915341
169.03233295792978,66.3498153178051
26.029010888201437,80.00618058943678
77.51950281300138,-85.53190932597553
6.6068788998181125,48.482887737030396
158.87519931244125,-77.85487885540013
26.956106979202094,-80.3924035222913
130.76404499354445,-84.28752017141976
6.012637545999654,43.779748976996714
4.430836988943147,11.325519460174753
15.141658846367726,-73.25258501126869
170.2937935512099,63.492664096766184
164.75691872150992,-73.38732998427564
48.048628481107386,-84.21428714443086
6.91657920311324,51.39195493467072
152.96045475021947,-80.53948751252473
4.334610271674704,6.573547676121937
20.578462137317093,-77.75095612383703
8.328776108780254,58.97311689660675
168.45474284364522,68.13410867701936
21.716390656764673,78.4015736607648
174.65565358200155,-36.70622511083671
100.99638789194677,-85.65946314354717
6.236250670983414,46.69473579679044
12.80354646389021,-70.441279383737
171.3034023864091,60.62289838977918
161.91976481183426,-76.1936724371377
32.09938287995678,-82.00772944462388
142.56590184154646,-83.04316814877994
4.301711372980922,9.51182324781735
16.506876422187492,-75.01002475654747
8.97305859080828,61.865256121764865
169.88093645803463,65.28306179660511
166.50288622511252,-71.66844218533747
174.52013425231215,-39.6285426089343
63.70980887710744,-85.31671193503016
6.502369105811001,49.606818949115834
157.63220397319267,-78.94687768681757
23.441783772047955,-79.455785000522
122.21712593310043,-85.08222066907656
5.895198450401573,44.90391495344224
4.279552928740535,12.44978238597009
13.71322096448508,-72.21493234243893
171.00543725957814,62.417678608438244
164.3022527832713,-74.5010369323019
39.75825450847887,-83.52583552608425
6.820090731744561,52.5157403677423
150.5517821392357,-81.59544684070791
4.178190682790361,7.697297084453789
18.2419533341553,-76.75606051306868
8.279243363593698,60.096383106907425
169.39728245188718,67.07136115146193
23.088092945489226,79.49057170691886
86.08119692165499,-85.89406328544564
6.1234568114881585,47.8187563126904
161.10662939469165,-77.29858172030134
27.40562921257845,-81.12344707449422
137.39337523693504,-84.0000896394769
4.148247085191993,10.635997906893452
14.831628979375308,-73.98250507427782
8.95223170632271,62.98820447580503
170.66001474215543,64.21099061254102
166.21057494167795,-72.78605911154351
51.73375874848811,-84.85988959620833
6.395587137334157,50.730694604931074
156.11174867099862,-80.03238936555088
20.510279976608437,-78.48562507484358
7.663651678361722,58.32267692517522
168.8253631165375,68.85714947559873
110.7465963947625,-85.72773702065201
5.775478829878634,46.0280150370847
12.442515837779393,-71.16709328370604
171.66458513562023,61.338422225530294
33.17109563564836,-82.72842256931972
147.45151638738005,-82.63208501270631
4.022579541612235,8.821365224145543
16.23475221301603,-75.74186281056608
8.229635767700122,61.21963643460422
170.25690169468456,66.00261998516099
167.76973374701282,-71.05462742613793
174.9162075222938,-38.955181359848375
70.53963422629444,-85.82935050582128
6.008174093452743,48.94270590710553
160.13346696710505,-78.40033862914497
23.58347695209881,-80.19012131897621
130.3353768093964,-84.88966830060396
5.4547386216867,44.23480727101438
3.995283076019796,11.76043175710842
13.359107060013647,-72.94259819301865
171.3777279756749,63.13420224187928
42.05766820097637,-84.21834393479072
6.286176291721495,51.85449986083807
154.2153100264576,-81.1090114520704
3.902113005908896,7.005965539672064
18.03989899143972,-77.48966659036401
7.5914035608920525,59.44611187644007
169.78257731355595,67.79227928656077
175.16712820007263,-37.15547013942654
96.03067433370335,-86.14821184660919
5.653147782520095,47.15203045466392
27.940819337494897,-81.85391020321998
143.34582782415657,-83.63990224280745
3.8676001393797246,9.945713763194723
14.495749400298386,-74.71215269044477
8.179763559980643,62.34287163220764
171.04395331197085,64.92861398484882
167.5664960610558,-72.1744144152089
56.45745714159648,-85.47805196186067
5.89003909698276,50.06656772207421
158.95098211000226,-79.49793345928532
20.437131023786563,-79.22042142286628
17.205484955202486,77.27932837471545
120.52344772550501,-85.67011475364639
5.3265419301726915,45.358885974413596
12.056071912979275,-71.89239193164428
172.04106646816558,62.05320767561269
34.483593244914466,-83.44601544443405
6.1737407090098975,52.97821994319799
151.7934944107851,-82.17304466728345
3.745141776671246,8.130210933802626
15.937076449795427,-76.4735527972262
7.517328683885686,60.569508438353665
170.6528155115202,66.72146050121232
21.739934747684053,80.04473387086288
175.30406713772393,-38.279922370729864
79.12538845246739,-86.26670248453438
5.527843119145758,48.275942452148236
162.40660654872494,-77.83357625632142
23.752749816314626,-80.9244914149625
137.72910163992333,-84.6026748705974
5.024988852881509,43.56345965590927
12.977050264061193,-73.6698159319864
171.7672127378815,63.8499560852745
167.33169450225907,-73.29390267043405
175.1854416791818,-41.203824568464064
44.98275404878313,-84.89894327841279
5.768650530801617,51.19032487224499
157.48759659160353,-80.58988999626104
17.816751499307333,-78.2232714391291
6.930641818333494,58.79177593687858
170.19039608324024,68.51247455253292
18.019536018302826,78.38719331015314
107.00508218162005,-86.27214666567653
5.195326011936162,46.48284768445895
10.895793353106502,-70.8335354863299
28.586475781967057,-82.58357582707973
148.61081568822252,-83.21852528781308
3.5887607314552574,9.254720260581227
14.129929200798477,-75.44145243595185
7.441032708646925,61.69285954481171
171.44729153011752,65.64544049387203
168.833075127604,-71.55343441065186
175.44340395083833,-39.404268169331885
62.62499796786476,-86.05578896319649
5.399166847055777,49.3997321794029
161.51044385626577,-78.94008323338288
20.357613980601734,-79.95533384723319
129.78473696786924,-85.49138599704263
4.88888513931625,44.68747444895997
11.640872761518011,-72.61707809946488
172.43415749512127,62.76716514769498
36.12342580693145,-84.1593143512742
5.643563408676782,52.31396033217584
155.63566388646916,-81.67396692218337
3.469266602544272,7.438412503042675
15.609227701939242,-77.20503378636639
6.834233654917305,59.91517751884752
171.07070620362288,67.43948333760315
175.68407846343632,-37.60286108843738
89.68155912299862,-86.59953238149627
5.0607016777759535,47.606671738188986
23.956518068892446,-81.65886203407383
144.28035729879727,-84.23530757098868
12.562963270235203,-74.39648966421137
7.362059925987677,62.816158343991944
172.17545270644007,64.56484401895018
168.68805222768816,-72.67461337439059
175.58544945091592,-40.52848252511715
48.80113710689685,-85.56209290027117
5.266679897466937,50.52338057151182
160.41006273160113,-80.04319027872344
17.568025408681276,-78.95683774431123
118.29279104743277,-86.25287977996825
4.7493957682136765,45.811338594057204
10.457179643236586,-71.5556768814651
173.05119158274735,61.68068315386642
29.378112466421932,-83.31213648091276
5.514282164100087,53.43745679067849
153.22649132316693,-82.74660373120439
3.3115951785651463,8.563069933507006
13.729223951808677,-76.1703152492048
6.733902400672234,61.038496233054204
171.87190770753756,66.3613667491666
175.82898494699953,-38.72715066790843
70.78042554087634,-86.57253258123286
4.922241666252951,48.730337206473344
163.82092365201228,-78.36220272308964
20.269886627490507,-80.69035053378028
138.14200837957955,-85.2050467670335
4.461979334169989,44.01390028386185
11.193006671419438,-73.34103967646294
172.84530373165668,63.48019701243017
38.22308634216965,-84.8664763505204
5.129895939048239,51.64686819687753
159.03063283481063,-81.14161110551464
3.1948239698855323,6.746021454350173
15.245471298361558,-77.93623257302906
171.5128592646796,68.15657710159884
16.557390729632107,78.91798022915141
102.00791201709319,-86.79505250983904
4.606108719992116,46.935029463977344
9.401891447867696,-70.48698507319106
24.20436793642849,-82.39319073833384
149.98273558022458,-83.80182604916395
12.111973032043464,-75.12250694108401
6.628996948516839,62.16172199045338
172.60418162223368,65.27876047409346
169.95148431584417,-72.0462921757621
175.97682195586128,-39.85127865834654
53.93471463241794,-86.19858856900348
4.779475146570852,49.85382274423212
17.287962704069784,-79.69032039393163
171.08383475546916,69.95025677420462
129.05694492703125,-86.09249213811017
4.31478980345514,45.13762732188097
9.986168991146535,-72.27693343475102
173.46366437485617,62.39194518054063
30.368388325843828,-84.03913945052163
4.9882740886987005,52.770175094501425
157.2563046711101,-82.23333833902521
3.035971406425336,7.870814678778238
13.287601871911253,-76.89863461980073
6.0563834273604416,60.38008384116371
172.319905241639,67.07627817888482
176.20670739391844,-38.04829560476558
81.52340449592685,-86.99656912939523
4.458572162403157,48.05852398960248
20.171476614762444,-81.42545891179165
145.4231055475305,-84.82892194831564
10.707866432859273,-74.06414629287922
173.27610255547145,64.1921964901475
176.12793544519002,-40.97521837248426
40.99452840759192,-85.5645101790447
4.631881288064647,50.977106417208695
14.838603467817016,-78.66705967865482
171.98185892410078,68.87261708908068
115.23976895810921,-86.82772217056672
4.163454834728352,46.26114438958302
8.915591570449044,-71.20560096786426
24.509980005453585,-83.1274209476603
